# 判定点(x, y)----判定点rgb色-------------点击区(x, y)范围--------点击间隔
# pixel_x pixel_y pixel_r pixel_g pixel_b x_min x_max y_min y_max sleep_time
# 1. 拒绝悬赏协作
   473     123     179     146     118     512   534   74    92      0.5
# 2. 结算界面跳过
   148     468     255     255     255     78    850   402   478     1.8
   148     468     255     255     255     82    498   2     98      1.8
# 3. 战斗失败跳过
   323     271     24      23      25      78    850   402   478     1.8
   323     271     24      23      25      82    498   2     98      1.8
# 4. 组队界面开始
   487     400     87      68      46      640   752   384   418     10
   487     400     160     83      87      640   752   384   418     10
# 5. 单人御灵/御魂/业原火开始
   498     83      57      42      30      597   675   316   347     10
