# 默认Config为组队挖土N次
# 判定点(x, y)----判定点rgb色-------------点击区(x, y)范围--------点击间隔
# pix_x pix_y pix_r pix_g pix_b x_min x_max y_min y_max sleep_time battle_count
# 1. 拒绝悬赏协作
   473   123   179   146   118   512   534   74    92      0.8          0
# 2.1 初次发现鬼王
   789   393   228   215   180   770   810   375   415     2            1
# 2.2 再次发现鬼王
   789   393   123   84    50    764   800   355   395     2            1
# 3.1 进入战斗
   779   411   78    74    73    755   800   390   430     2            0
# 3.2 准备战斗
   816   440   176   123   79    744   816   337   397     2            0
# 3.3 战斗胜利
   318   87    100   20    13    30    830   80    460     2            0
# 3.4 战斗失败
   318   87    148   125   101   30    830   80    460     2            0
# 4. 不买茶休息
   427   315   210   202   195   615   635   120   140     600          0