# 判定点(x, y)----判定点rgb色-------------点击区(x, y)范围--------点击间隔
# pix_x pix_y pix_r pix_g pix_b x_min x_max y_min y_max sleep_time battle_count
# 1. 进入战斗
   774   402   21    23    23    748   800   402   451     3         1
   774   402   22    27    29    748   800   402   451     3         1
   774   402   23    28    30    748   800   402   451     3         1
   774   402   22    23    23    748   800   402   451     3         1
   774   402   34    34    34    748   800   402   451     3         1
# 2. 战斗结算
   425   354   55    175   223   708   850   103   380     2         0
# 3. 拒绝悬赏协作
   473   123   179   146   118   512   534   74    92      0.8       0
# 4. 战斗失败
   323   271   19    26    31    75    160   45    385     2         -1
   323   271   19    26    31    165   850   32    102     2         -1
