# 默认Config为组队挖土N次
# 判定点(x, y)----判定点rgb色-------------点击区(x, y)范围--------点击间隔
# pix_x pix_y pix_r pix_g pix_b x_min x_max y_min y_max sleep_time battle_count
# 1. 拒绝悬赏协作
   473   123   179   146   118   512   534   74    92      0.8          0
# 2. 超6000
   428   284   203   181   156   386   466   265   298     0.8          0
# 3 进入战斗
   781   422   130   109   110   760   810   380   430     2            1
# 4. 战斗结束
# 4.1 获得奖励
   318   126   30    6     4     20    180   50    400     2            0
   318   126   30    6     4     670   850   103   400     2            0
# 4.2 胜利
   318   126   100   20    13    20    180   50    400     2            0
   318   126   100   20    13    670   850   103   400     2            0