# 默认Config为组队挖土N次
# 判定点(x, y)----判定点rgb色-------------点击区(x, y)范围--------点击间隔
# pix_x pix_y pix_r pix_g pix_b x_min x_max y_min y_max sleep_time battle_count
# 1. 拒绝悬赏协作
   473   123   179   146   118   512   534   74    92      0.8          0
# 2. 超6000
   428   284   203   181   156   386   466   265   298     0.8          0
# 3.1 进入战斗（花间取牌）
   781   422   226   214   192   765   815   390   440     2            1
# 3.2 战斗结束（花间取牌）
   440   440   46    3     5     20    180   50    350     2            0
   440   440   46    3     5     670   850   100   350     2            0
# 4.1 搜索鬼王
   775   420   135   101   78    770   820   390   435     2            0
# 4.2 点击准备
#   785   460   231   206   160   760   830   360   420     2            0
   792   425   247   231   196   760   830   360   420     2            1
# 4.3 战斗成功
   330   155   203   186   165   20    100   50    450     2            0
   330   155   203   186   165   710   850   50    450     2            0
