# 业原火使用协战N次
# 判定点(x, y)----判定点rgb色-------------点击区(x, y)范围--------点击间隔
# pix_x pix_y pix_r pix_g pix_b x_min x_max y_min y_max sleep_time battle_count
# 1. 拒绝悬赏协作
   473   123   179   146   118   512   534   74    92      0.8          0
# 2. 单人业原火开始
   768   401   191   187   175   750   800   400   450     3            0
# 3. 退出战斗
   24    378   67    51    39    20    40    10    30      2            0
   424   242   129   116   100   460   540   260   300     2            1
# 4. 战斗失败跳过
   323   271   25    24    25    75    160   45    385     2            0
   323   271   25    24    25    165   850   32    102     2            0
   323   271   25    24    25    708   850   103   400     2            0