# 默认Config为组队挖土N次
# 判定点(x, y)----判定点rgb色-------------点击区(x, y)范围--------点击间隔
# pix_x pix_y pix_r pix_g pix_b x_min x_max y_min y_max sleep_time battle_count
# 1. 拒绝悬赏协作
   473   123   179   146   118   512   534   74    92      0.8          0
# 2. 超6000
#   428   284   203   181   156   386   466   265   298     0.8          0
# 3 进入战斗
# 3.1 战斗
   689   385   205   140   114   665   710   365   410     2            1
# 3.2 宝箱
   689   385   92    64    43    665   710   380   420     2            1
# 4. 战斗结束
# 4.1 跳过奖励
   332   133   37    8     5     20    150   50    400     2            0
   332   133   37    8     5     720   850   100   400     2            0
# 4.2 跳过结算
   332   133   127   25    16    20    150   50    400     2            0
   332   133   127   25    16    720   850   100   400     2            0
# 4.3 跳过宝箱
   332   133   42    33    25    20    150   50    400     2            0
   332   133   42    33    25    720   850   100   400     2            0
#   332   133   65    64    58    20    150   50    400     2            0
#   332   133   65    64    58    720   850   100   400     2            0
#   332   133   64    63    55    20    150   50    400     2            0
#   332   133   64    63    55    720   850   100   400     2            0