# 判定点(x, y)----判定点rgb色-------------点击区(x, y)范围--------点击间隔
# pix_x pix_y pix_r pix_g pix_b x_min x_max y_min y_max sleep_time battle_count
# 1. 拒绝悬赏协作
   473   123   179   146   118   512   534   74    92      0.8          0
# 日轮之城 点击开始
   784   423   216   190   163    762   806   401   441     1          1
# 日轮之城 点击结束
   824   95    42    69    78     30    837   391   462     4          1
   452   348   32    21    18     30    837   391   462     4          0
# 日轮之城后半段
# x = 1 132   187
# x = 2 215   274
# x = 3 307   360
# x = 4 393   447
# x = 5 480   537
# x = 6 566   624
# x = 7 655   713
# x = 8 743   797
# y = 1 111   163
# y = 2 196   255
# y = 3 282   342
# y = 4 370   430
# 从左下角开始逆时针绕圈
   237   32    65    86    91     132   187   282   342     1            0
   237   32    65    86    91     132   187   196   255     1            0
   237   32    65    86    91     132   187   111   163     1            0
   237   32    65    86    91     215   274   111   163     1            0
   237   32    65    86    91     307   360   111   163     1            0
   237   32    65    86    91     393   447   111   163     1            0
   237   32    65    86    91     480   537   111   163     1            0
   237   32    65    86    91     566   624   111   163     1            0
   237   32    65    86    91     655   713   111   163     1            0
   237   32    65    86    91     743   797   111   163     1            0
   237   32    65    86    91     743   797   196   255     1            0
   237   32    65    86    91     743   797   282   342     1            0
   237   32    65    86    91     743   797   370   430     1            0
   237   32    65    86    91     655   713   370   430     1            0
   237   32    65    86    91     566   624   370   430     1            0
   237   32    65    86    91     480   537   370   430     1            0
   237   32    65    86    91     393   447   370   430     1            0
   237   32    65    86    91     307   360   370   430     1            0
   237   32    65    86    91     215   274   370   430     1            0
   237   32    65    86    91     132   187   370   430     1            0
# 从下向上从y=3到y=1
   237   32    65    86    91     132   187   282   342     1            0
   237   32    65    86    91     132   187   196   255     1            0
   237   32    65    86    91     132   187   111   163     1            0
   237   32    65    86    91     215   274   282   342     1            0
   237   32    65    86    91     215   274   196   255     1            0
   237   32    65    86    91     215   274   111   163     1            0
   237   32    65    86    91     307   360   282   342     1            0
   237   32    65    86    91     307   360   196   255     1            0
   237   32    65    86    91     307   360   111   163     1            0
   237   32    65    86    91     393   447   282   342     1            0
   237   32    65    86    91     393   447   196   255     1            0
   237   32    65    86    91     393   447   111   163     1            0
   237   32    65    86    91     480   537   282   342     1            0
   237   32    65    86    91     480   537   196   255     1            0
   237   32    65    86    91     480   537   111   163     1            0
   237   32    65    86    91     566   624   282   342     1            0
   237   32    65    86    91     566   624   196   255     1            0
   237   32    65    86    91     566   624   111   163     1            0
   237   32    65    86    91     655   713   282   342     1            0
   237   32    65    86    91     655   713   196   255     1            0
   237   32    65    86    91     655   713   111   163     1            0
   237   32    65    86    91     743   797   282   342     1            0
   237   32    65    86    91     743   797   196   255     1            0
   237   32    65    86    91     743   797   111   163     1            0
# 日轮之城 进入下一层/确认
   539   288   203   181   156    453   531   273   297     2            0
# 日轮之城 选择御魂
   580   188   56    72    80     452   488   245   278     2            5