# 判定点(x, y)----判定点rgb色-------------点击区(x, y)范围--------点击间隔
# pix_x pix_y pix_r pix_g pix_b x_min x_max y_min y_max sleep_time battle_count
# y轴小于420防止点击强力
# 1. 进入战斗
   772   87    8     7     10    752   804   387   420     3            0
# 2. 结算界面
   430   83    232   212   161   50    800   50    420     3            0
# 3. 奖励界面
   428   347   63    67    100   50    800   315   420     3            0
   449   158   56    46    33    50    800   335   420     3            0
# 4. 随机选择线路
#   25    29    21    18    48    105   745   400   420     1            0
   10    268   43    43    54    105   745   400   420     1            0
# 5. 选择乐器
#   426   419   23    35    39    378   472   407   420     3            0
