# 默认Config为组队挖土N次
# 判定点(x, y)----判定点rgb色-------------点击区(x, y)范围--------点击间隔
# pix_x pix_y pix_r pix_g pix_b x_min x_max y_min y_max sleep_time battle_count
# 1. 拒绝悬赏协作
   473   123   179   146   118   512   534   74    92      0.8          0
# 2. 超6000
   428   284   203   181   156   386   466   265   298     0.8          0
# 3.1 进入战斗
#   30    25    239   197   163   770   820   400   450     200          1
   803   412   91    133   216   770   820   400   450     3            1
# 4. 战斗结束
# 4.0 幻境
   803   456   101   98    87    20    60    115   455     3            0
   803   456   101   98    87    790   830   115   455     3            0
# 4.1 恋色障道
   803   456   59    72    78    20    60    115   455     3            0
   803   456   59    72    78    790   830   115   455     3            0
# 4.2 极恶外道
   803   456   97    97    117   20    60    115   455     3            0
   803   456   97    97    117   790   830   115   455     3            0
# 4.3 万欲之庭