# 默认Config为组队挖土N次
# 判定点(x, y)----判定点rgb色-------------点击区(x, y)范围--------点击间隔
# pix_x pix_y pix_r pix_g pix_b x_min x_max y_min y_max sleep_time battle_count
# 1. 拒绝悬赏协作
   473   123   179   146   118   512   534   74    92      0.8          0
# 2.1 判别寮加成
#   263   473   255   255   255   165   625   32    102     2            0
   263   473   255   255   255   80    140   80    360     2            0
   263   473   255   255   255   708   850   103   360     2            0
# 2.2 判定999加成
#   263   475   46    43    40    165   625   32    102     2            0
#   263   475   46    43    40    80    140   80    360     2            0
#   263   475   46    43    40    708   850   103   360     2            0
   263   473   39    36    32    80    140   80    360     2            0
   263   473   39    36    32    708   850   103   360     2            0
# 2.3 判定叠加加成
   263   473   69    66    63    80    140   80    360     2            0
   263   473   69    66    63    708   850   103   360     2            0
# 3. 组队按钮灰色/橙色(御魂)
#   800   436   244   228   157   790   834   413   449     5            1
   800   436   243   227   155   790   834   413   449     5            1
# 4. 超6000
   428   284   203   181   156   386   466   265   298     0.8          0
# 5. 组队按钮灰色/橙色(永生之海)
   800   436   229   218   196   790   834   413   449     5            1
