# 判定点(x, y)----判定点rgb色-------------点击区(x, y)范围--------点击间隔
# pix_x pix_y pix_r pix_g pix_b x_min x_max y_min y_max sleep_time battle_count
# 1. 拒绝悬赏协作
   473   123   179   146   118   512   534   74    92      0.8          0
# 2. 发现
   101  138    161   105   34    770   810   390   425     2            1
# 3. 挑战
   784   400   84    81    100   755   806   384   429     2            0
# 4. 点击准备
   816   440   176   123   79    744   816   337   397     2            0
# 5. 选中主怪
   848   39    238   205   128   385   420   75    85      15           0
# 6.1 成功
   311   98    173   114   97    30    820   390   460     2            0
   311   98    173   114   97    30    110   90    340     2            0
   311   98    173   114   97    740   830   90    340     2            0
# 6.2 失败
   311   98    64    56    69    30    820   390   460     2            0
   311   98    64    56    69    30    110   90    340     2            0
   311   98    64    56    69    740   830   90    340     2            0
# 7.1 没疲劳：等待
   428   301   214   201   185   612   635   121   140     605          0
# 7.2 没疲劳：喝茶
#   428   301   214   201   185   372   481   299   330     2            0

