# 判定点(x, y)----判定点rgb色-------------点击区(x, y)范围--------点击间隔
# pix_x pix_y pix_r pix_g pix_b x_min x_max y_min y_max sleep_time battle_count
# 1. 拒绝悬赏协作
   473   123   179   146   118   512   534   74    92      0.8          0
# 2. 结算界面跳过(判别寮加成，3个点击区域)
   148   468   255   255   255   75    160   45    380     1.5            0
   148   468   255   255   255   165   680   32    102     1.5            0
   148   468   255   255   255   708   850   103   380     1.5            0
# 判定999加成
   148   468   247   247   246   75    160   45    380     1.5            0
   148   468   247   247   246   165   680   32    102     1.5            0
   148   468   247   247   246   708   850   103   380     1.5            0
# 3. 战斗失败跳过
# 业原火失败
   323   271   24    23    25    75    160   45    385     2            -1
   323   271   24    23    25    165   850   32    102     2            -1
   323   271   24    23    25    708   850   103   400     2            -1
# 魂十失败
   323   271   36    28    14    75    160   45    385     2            -1
   323   271   36    28    14    165   850   32    102     2            -1
   323   271   36    28    14    708   850   103   400     2            -1
# 4. 组队界面开始
#   487   400   87    68    46    640   747   384   417     10           0
#   487   400   160   83    87    640   747   384   417     10           0
#   816   425   35    20    16    790   834   413   449     4           0
#   816   425   55    35    31    790   834   413   449     4           0
#   816   425   47    29    24    790   834   413   449     4           1
#   816   425   -1    -1    -1    790   834   413   449     4           0
# 4.1 妖琴标记大舅妈(左2)
#   841   346   20    9     7     223   272   304   354     20           0
#   841   346   223   182   17    223   272   304   354     20           0
# 4.1 妖琴标记大舅妈(左3)
#   406   179   60    70    48    1     2     478   479     10           0
#   841   346   20    9     7     365   424   316   345     10           0

#   406   179   -1    -1    -1    1     2     478   479     3           0
#   841   346   -1    -1    -1     365   440   304   354     16           0
#   841   346   223   182   17    365   440   304   354     18           0
# 5. 单人御灵/御魂/业原火开始
   498   83    57    42    30    597   675   316   347     4           1
   539   405   199   123   50     451   545   380   404     2           1
   816   443   202   167   118    748   811   348   392     3           1

# 小号临时加成
   148   468   45    36    27    75    160   45    380     1.5            0
   148   468   45    36    27    165   680   32    102     1.5            0
   148   468   45    36    27    708   850   103   380     1.5            0