# 判定点(x, y)----判定点rgb色-------------点击区(x, y)范围--------点击间隔
# pix_x pix_y pix_r pix_g pix_b x_min x_max y_min y_max sleep_time battle_count
# 1. 判断战斗图标的位置
# 1个
   429   252   168   163   148   385   467   202   284     2            0
# 2个：左，右
#   315   256   167   164   149   269   357   202   284     2            0
   315   256   168   163   148   269   357   202   284     2            0
   315   256   165   165   151   269   357   202   284     2            0
#   539   258   253   232   178   497   587   202   284     2            0
   539   256   168   163   148   497   587   202   284     2            0
# 3个：左，中，右
   237   256   168   163   148   187   287   202   284     2            0
#   429   252   168   163   148   385   467   202   284     2            0
   613   256   168   163   148   561   661   202   284     2            0
# 2. 战斗开始
   719   82    5     3     3     751   795   400   442     2            0
# 3. 鬼王来袭
   721   370   224   211   188   693   737   352   392     2            0
# 4. 结算界面跳过(判别寮加成，3个点击区域)
   148   468   255   255   255   30    140   80    360     2            0
   148   468   255   255   255   708   850   103   360     2            0
# 5. 战斗失败
   323   271   15    17    21    75    160   45    385     2            0
   323   271   15    17    21    708   850   103   400     2            0
   323   271   14    15    19    75    160   45    385     2            0
   323   271   14    15    19    708   850   103   400     2            0
   323   271   14    16    19    75    160   45    385     2            0
   323   271   14    16    19    708   850   103   400     2            0
# 6. 选择奖励
   375   122   8     6     6     275   330   170   220     2            0
   375   122   8     6     6     381   467   310   340     2            0
# 跳过奖励界面
   399   136   10    7     7     693   737   352   392     2            0
   399   136   8     5     5     693   737   352   392     2            0
