# 默认Config为组队挖土N次
# 判定点(x, y)----判定点rgb色-------------点击区(x, y)范围--------点击间隔
# pix_x pix_y pix_r pix_g pix_b x_min x_max y_min y_max sleep_time battle_count
# 1. 拒绝悬赏协作
   473   123   179   146   118   512   534   74    92      0.8          0
# 2. 超6000
   428   284   203   181   156   386   466   265   298     0.8          0
# 3.1 搜索鬼王
   775   420   243   231   180   750   800   390   445     2            1
# 3.2 挑战鬼王
   775   420   222   199   157   750   800   390   445     2            0
# 3.3 点击准备
   785   460   231   206   160   750   820   360   420     2            0
# 4.1 战斗成功
#   424   352   112   121   116   20    150   50    450     2            0
#   424   352   112   121   116   710   850   50    450     2            0
   310   100   196   177   155   20    150   50    450     2            0
   424   352   196   177   155   710   850   50    450     2            0
# 4.2 战斗失败
   310   100   66    58    72    20    150   50    450     2            0
   310   100   66    58    72    710   850   50    450     2            0
# 5. 等待回体
   430   312   210   202   195   610   635   120   140     600          0