# 判定点(x, y)----判定点rgb色-------------点击区(x, y)范围--------点击间隔
# pix_x pix_y pix_r pix_g pix_b x_min x_max y_min y_max sleep count scope
# 1. 拒绝悬赏协作
   473   123   179   146   118   512   534   74    92    0.8    0     0
# 2. 切换手动自动
# 2.1 手动切自动
   588   505   52    39    37    25    60    425   455    2     0     1
# 2.2 绿标右1
#   588   505   52    39    37    660   680   270   330    2     0     1
# 2.2 自动切手动
#  588   505   35    25    23    25    60    425   455    2     0     0
# 3.1 点击准备（1800以下）
   785   460   231   206   160   750   820   360   420    3     0     0
# 3.2 点击上阵（1800以上）
   785   460   241   212   158   735   820   350   430    3     0     0
# 4. 开始斗技
   487   299   239   217   159   770   825   380   430    3     0     0
# 5.1 结束斗技（胜利）
   320   83    103   21    14    20    70    70    420    3     1     0
   320   83    103   21    14    790   830   70    420    3     1     0
   320   83    103   21    14    20    830   420   460    3     1     0
# 5.2 结束斗技（失败）
   320   83    85    78    96    20    70    70    420    3     1     0
   320   83    85    78    96    790   830   70    420    3     1     0
   320   83    85    78    96    20    830   420   460    3     1     0
   320   83    86    79    97    20    70    70    420    3     1     0
   320   83    86    79    97    790   830   70    420    3     1     0
   320   83    86    79    97    20    830   420   460    3     1     0
   320   83    87    79    96    20    70    70    420    3     1     0
   320   83    87    79    96    790   830   70    420    3     1     0
   320   83    87    79    96    20    830   420   460    3     1     0
# 6.1 领取奖励
   422   355   146   181   223   20    70    70    420    3     0     0
   422   355   146   181   223   790   830   70    420    3     0     0
   422   355   146   181   223   20    830   420   460    3     0     0
# 6.2 段位上升
   455   190   26    20    17    20    70    70    420    3     0     0
   455   190   26    20    17    790   830   70    420    3     0     0
   455   190   26    20    17    20    830   420   460    3     0     0
# 7. 名士
# 7.1 段位上升
#  455   190   255   218   84    20    70    70    420    3     0     0
#  455   190   255   218   84    790   830   70    420    3     0     0
#  455   190   255   218   84    20    830   420   460    3     0     0
#  455   190   21    14    8     20    70    70    420    3     0     0
#  455   190   21    14    8     790   830   70    420    3     0     0
#  455   190   21    14    8     20    830   420   460    3     0     0
# 7.2 开始斗技
#  805   434   59    30    13    775   835   380   430    3     0     0
