# 判定点(x, y)----判定点rgb色-------------点击区(x, y)范围--------点击间隔
# pix_x pix_y pix_r pix_g pix_b x_min x_max y_min y_max sleep_time battle_count
# 1. 拒绝悬赏协作
   473   123   179   146   118   512   534   74    92      0.8          0
# 2. 开始战斗
   784   404   108   85    73    757   804   390   442     115          1
#   811   142   128   143   184   757   804   390   442     105          1
#   811   142   223   214   190   757   804   390   442     105          1
# 3.1 点击退出（打一分半就跑，时间在上面）
   423   62    229   224   206   14    38    10    32      0.5          0
#   423   62    -1  -1  -1   14    38    10    32      0.5          0
# 3.2 退出战斗
   424   237   181   162   139   453   534   263   297     0.5          0
# 4.1 战斗结束
   434   135   220   198   154   20    150   30    430     2            0
   434   135   220   198   154   650   800   30    430     2            0
# 4.2 结算界面
   423   355   79    140   202   20    150   30    430     2            0
   423   355   79    140   202   650   800   30    430     2            0
