# 判定点(x, y)----判定点rgb色-------------点击区(x, y)范围--------点击间隔
# pix_x pix_y pix_r pix_g pix_b x_min x_max y_min y_max sleep_time battle_count
# 1. 进入战斗
   784   416   80    73    102   750   800   400   450     5         1
# 2. 战斗结算
# 2.1 结算界面跳过(判别寮加成)
#   148   468   245   245   244   20    140   90    360     2            0
#   148   468   245   245   244   708   850   103   360     2            0
# 2.2 判断结算达摩
   425   354   55    175   223   20    140   90    360     2         0
   425   354   55    175   223   708   850   103   380     2         0
# 3. 拒绝悬赏协作
   473   123   179   146   118   512   534   74    92      0.8       0
# 4. 战斗失败
#   323   271   19    26    31    75    160   45    385     2         -1
#   323   271   19    26    31    165   850   32    102     2         -1
