# 默认Config为组队挖土N次
# 判定点(x, y)----判定点rgb色-------------点击区(x, y)范围--------点击间隔
# pix_x pix_y pix_r pix_g pix_b x_min x_max y_min y_max sleep count scope
# 1. 拒绝悬赏协作
   473   123   179   146   118   512   534   74    92    0.8    0     0
# 2. 超6000
   428   284   203   181   156   386   466   265   298   0.8    0     0
# 3.1 进入战斗
   794   448   227   215   193   770   820   390   440    3     1     0
# 3.2 评审挑战
   794   448   236   231   213   770   820   390   440    3     0     0
   439   145   235   208   144   770   820   390   440    3     0     0
# 3.3 答题
   794   448   215   205   193   770   820   390   440    3     1     0
# 3.3.1 选项1
   396   103   233   186   126   225   520   192   243    3     0     1
   396   103   233   186   126   317   430   359   389    3     0     1
# 3.3.2 选项2
   396   103   233   186   126   225   520   272   323    3     0     1
   396   103   233   186   126   317   430   359   389    3     0     1
# 3.4 画图
   735   447   130   84    24    705   768   396   433    3     1     0
   818   66    232   212   207   807   829   22    42     3     0     0
# 4.1 判定达摩
   440   440   46    3     5     20    80    80    360    2     0     0
   440   440   46    3     5     800   850   80    360    2     0     0
# 4.2 判定答题奖励
   418   167   234   220   166   770   820   390   440    3     0     2
   418   167   234   220   166   770   820   390   440    3     0     2
# 4.3 卡牌关闭
   785   87    232   212   207   774   796   42    65     3     0     0
# 4.4 分享关闭
   785   87    32    26    24    812   831   24    44     3     0     0
#   785   87    32    26    24    812   831   24    44     3     0     3