# 默认Config为组队挖土N次
# 判定点(x, y)----判定点rgb色-------------点击区(x, y)范围--------点击间隔
# pix_x pix_y pix_r pix_g pix_b x_min x_max y_min y_max sleep_time battle_count
# 1. 拒绝悬赏协作
   473   123   179   146   118   512   534   74    92      0.8          0
# 2. 超6000
   428   284   203   181   156   386   466   265   298     0.8          0
# 3. 探查
   264   464   86    127   123   770   820   375   420     5            0
# 4. 挑战
   264   464   180   217   199   750   825   400   455     3            0
# 5. 准备
   785   388   231   208   159   750   820   360   420     3            1
# 6. 结算界面跳过(判别寮加成，3个点击区域)
   424   354   69    141   205   75    160   45    380     1.5          0
   424   354   69    141   205   165   680   32    102     1.5          0
   424   354   69    141   205   708   850   103   380     1.5          0