# 进入秘闻副本后挑战N次（10层）
# 判定点(x, y)----判定点rgb色-------------点击区(x, y)范围--------点击间隔
# pix_x pix_y pix_r pix_g pix_b x_min x_max y_min y_max sleep count scope
# 1. 拒绝悬赏协作
   473   123   179   146   118   512   534   74    92    0.8    0     0
# 2.1 秘闻开始（竞速）
   817   138   54    73    104   746   796   375   424    2     0     0
# 2.2 秘闻开始（百战）
   817   138   75    39    34    746   796   375   424    2     0     0
# 3.1 点击准备
   792   490   220   188   147   744   816   337   397    3     0     1
# 3.2 绿标右2大蛇
   792   490   220   188   147   670   690   300   370    2     0     1
# 4.1 战斗结束（竞速）
   330   100   204   188   167   40    810   40    130    2     1     0
# 4.2 战斗结束（百战）
   330   100   70    42    16    40    810   40    120    2     1     0
   330   100   4     30    34    40    810   40    120    2     1     0
