# 默认Config为组队挖土N次
# 判定点(x, y)----判定点rgb色-------------点击区(x, y)范围--------点击间隔
# pix_x pix_y pix_r pix_g pix_b x_min x_max y_min y_max sleep_time battle_count
# 1. 拒绝悬赏协作
   473   123   179   146   118   512   534   74    92      0.8          0
# 2.1 选择对手
#   700   400   184   167   147   160   305   105   175     2            0
   432   66    75    73    80    160   305   105   175     2            0
   432   66    75    73    80    160   305   105   175     2            0
   432   66    75    73    80    380   525   105   175     2            0
   432   66    75    73    80    600   745   105   175     2            0
   432   66    75    73    80    160   305   195   265     2            0
   432   66    75    73    80    380   525   195   265     2            0
   432   66    75    73    80    600   745   195   265     2            0
   432   66    75    73    80    160   305   285   355     2            0
   432   66    75    73    80    380   525   285   355     2            0
   432   66    75    73    80    600   745   285   355     2            0
# 2.2 点击刷新（9次后）
   432   66    75    73    80    645   755   385   415     2            0
# 3. 进入突破
   105   260   198   178   155   220   295   245   275     2            1
   325   260   198   178   155   440   515   245   275     2            1
   545   260   198   178   155   660   735   245   275     2            1
   105   350   198   178   155   220   295   335   365     2            1
   325   350   198   178   155   440   515   335   365     2            1
   545   350   198   178   155   660   735   335   365     2            1
   105   435   198   178   155   220   295   425   455     2            1
   325   435   198   178   155   440   515   425   455     2            1
   545   435   180   160   139   660   735   425   455     2            1
# 3.2 呱太入侵判定
   105   435   174   168   141   220   295   425   455     2            1
   325   435   174   168   141   440   515   425   455     2            1
   545   435   174   168   141   660   735   425   455     2            1
# 4. 战斗结束
   422   355   146   181   223   50    150   50    400     2            0
   422   355   146   181   223   720   850   103   400     2            0
# 5. 确定刷新
   505   285   203   181   156   450   560   270   300     2            0
# 6. 呱太入侵点击准备
   784   462   242   224   185   750   820   360   420     2            0