# 默认Config为组队挖土N次
# 判定点(x, y)----判定点rgb色-------------点击区(x, y)范围--------点击间隔
# pix_x pix_y pix_r pix_g pix_b x_min x_max y_min y_max sleep_time battle_count
# 1. 拒绝悬赏协作
   473   123   179   146   118   512   534   74    92      0.8          0
# 2. 超6000
   428   284   203   181   156   386   466   265   298     0.8          0
# 3. 进入战斗
#   765   390   23    28    18    765   810   390   430     2.5          1
   810   425   31    32    33    765   810   390   430     2.5          1
# 4. 结算
#   450   128   79    70    48    40    200   60    370     2.5          0
#   450   128   79    70    48    670   810   60    370     2.5          0
#   450   128   79    70    48    40    810   370   450     2.5          0
# Day 1
   545   100   3     3     5     40    200   60    370     2.5          0
   545   100   3     3     5     670   810   60    370     2.5          0
   545   100   3     3     5     40    810   370   450     2.5          0
# Day 2
   545   100   2     2     3     40    200   60    370     2.5          0
   545   100   2     2     3     670   810   60    370     2.5          0
   545   100   2     2     3     40    810   370   450     2.5          0
# Day 3
   545   100   8     8     10    40    200   60    370     2.5          0
   545   100   8     8     10    670   810   60    370     2.5          0
   545   100   8     8     10    40    810   370   450     2.5          0
# 5. 胜利
   545   100   7     8     11    40    200   60    370     2.5          0
   545   100   7     8     11    670   810   60    370     2.5          0
   545   100   7     8     11    40    810   370   450     2.5          0