# 判定点(x, y)----判定点rgb色-------------点击区(x, y)范围--------点击间隔
# pix_x pix_y pix_r pix_g pix_b x_min x_max y_min y_max sleep_time battle_count
# 战斗开始
#   644   72    31    23    22     675   731   342   382     12          1
   725   402   221   212   193    675   731   342   382     4          1
# 标记中间云外镜
#   27    384   74    85    140    417   427   265   300     20          0
# 战斗结束
   425   354   59    164   218    75    160   45    380     1.5         0
   425   354   59    164   218    708   850   103   380     1.5         0
# 确定按键
   467   282   203   181   156    453   533   264   296     2           0
# 开始选择资源
   781   419   223   212   190    752   798   395   438     2           0
# 确定选择资源
   383   296   196   170   157    383   482   297   328     2           0
