# 砸百鬼N次
# 判定点(x, y)----判定点rgb色-------------点击区(x, y)范围--------点击间隔
# pix_x pix_y pix_r pix_g pix_b x_min x_max y_min y_max sleep_time battle_count
# 6. 百鬼夜行
# 百鬼开始界面
   667   109   27    21    29    578   659   334   367     3.5          0
   667   109   26    20    29    578   659   334   367     3.5          0
# 选择鬼王1并开始砸豆
   420   78    63    44    38    162   245   225   410     2            0
   420   78    63    44    38    743   827   373   454     8            0
# 选择鬼王2并开始砸豆
   420   78    63    44    38    386   468   225   410     2            0
   420   78    63    44    38    743   827   373   454     8            0
# 选择鬼王3并开始砸豆
   420   78    63    44    38    610   690   225   410     2            0
   420   78    63    44    38    743   827   373   454     8            0
# 判定顶部吊坠(不受冰冻影响)，随机砸豆
# 6.1 从头到脚，左右随机
#  484   52    31    21    19    2     850   240   376     0.55         0
#  484   52    32    21    19    2     850   240   376     0.55         0
  484   52    31    21    19    2     850   336   376     0.55         0
  484   52    32    21    19    2     850   336   376     0.55         0
# 6.2 从头到脚，固定左
#   484   52    31    21    19    2     82   240   376     0.55         0
# 6.3 从头到脚，固定中
#   484   52    31    21    19    426   506   240   376     0.55         0
# 6.4 从头到脚，固定右
#   484   52    31    21    19    770   850   240   376     0.55         0
# 结束时点击左侧区域(砸完后才能结束)
#   126   241   121   113   107   2     115   2     478     2.2          1
#   126   241   121   113   107   116   850   2     45      2.2          1
#   126   241   121   113   107   116   770   430   478     2.2          1
#   126   241   121   113   107   2     115   2     478     2.2          1
   126   241   114   108   103   2     115   2     478     2.2          1
   126   241   114   108   103   116   850   2     45      2.2          1
   126   241   114   108   103   116   770   430   478     2.2          1
   126   241   114   108   103   2     115   2     478     2.2          1
# Verbose is true if the rgb is (-1, -1, -1)
#  498   83    -1    -1    -1    597   675   316   347     10           0