# 默认Config为组队挖土N次
# 判定点(x, y)----判定点rgb色-------------点击区(x, y)范围--------点击间隔
# pix_x pix_y pix_r pix_g pix_b x_min x_max y_min y_max sleep_time battle_count
# 1. 拒绝悬赏协作
   473   123   179   146   118   512   534   74    92      0.8          0
# 2. 超6000
   428   284   203   181   156   386   466   265   298     0.8          0
# 3 进入战斗
   768   420   134   100   78    760   810   385   435     2            1
   791   413   221   210   188   760   810   390   440     2            1
   791   413   246   231   195   760   810   390   440     2            0
# 4. 战斗结束
   547   78    77    88    89    20    150   50    400     2            0
   547   78    77    88    89    720   850   100   400     2            0
   547   78    26    30    30    20    150   50    400     2            0
   547   78    26    30    30    720   850   100   400     2            0
   547   78    86    99    100   20    150   50    400     2            0
   547   78    86    99    100   720   850   100   400     2            0
   547   78    87    99    102   20    150   50    400     2            0
   547   78    87    99    102   720   850   100   400     2            0