# 判定点(x, y)----判定点rgb色-------------点击区(x, y)范围--------点击间隔
# pix_x pix_y pix_r pix_g pix_b x_min x_max y_min y_max sleep_time battle_count
# 1. 拒绝悬赏协作
   473   123   179   146   118   512   534   74    92      0.8          0
# 2. 结算界面跳过(判别寮加成，3个点击区域)
#   148   468   255   255   255   75    160   45    380     1.5            0
   148   468   245   245   244   75    160   45    380     1.5            0
   148   468   245   245   244   165   680   32    102     1.5            0
   148   468   245   245   244   708   850   103   380     1.5            0
# 小号临时加成
   148   468   35    26    17    75    160   45    380     1.5            0
   148   468   35    26    17    165   680   32    102     1.5            0
   148   468   35    26    17    708   850   103   380     1.5            0
# 3. 战斗失败跳过
# 业原火失败
   323   271   26    23    26    75    160   45    385     2            -1
   323   271   26    23    26    165   850   32    102     2            -1
   323   271   26    23    26    708   850   103   400     2            -1
# 5. 单人业原火开始
   768   401   191   186   175   750   792   407   441     4            1
   768   401   191   186   174   750   792   407   441     4            1