# 默认Config为组队挖土N次
# 判定点(x, y)----判定点rgb色-------------点击区(x, y)范围--------点击间隔
# pix_x pix_y pix_r pix_g pix_b x_min x_max y_min y_max sleep_time battle_count
# 1. 拒绝悬赏协作
   473   123   179   146   118   512   534   74    92      0.8          0
# 2. 进入战斗
   788   421   222   208   185   760   800   400   440     2            1
# 3. 结算界面跳过(判别寮加成，3个点击区域)
# 判定胜利
   263   473   255   255   255   80    140   80    360     2            0
   263   473   255   255   255   165   625   32    102     2            0
   263   473   255   255   255   708   850   103   360     2            0
   264   473   255   255   255   80    140   80    360     2            0
   264   473   255   255   255   165   625   32    102     2            0
   264   473   255   255   255   708   850   103   360     2            0
# 4. 一轮结束
   788   421   44    42    37    760   800   400   440     2            0
   788   421   71    67    59    760   800   400   440     2            0




