310 21
311 21
312 21
313 21
314 21
315 21
316 21
317 21
318 21
319 21
320 21
321 21
322 21
323 21
324 21
325 21
326 21
327 21
328 21
329 21
330 21
331 21
332 21
333 21
334 21
335 21
336 21
337 21
338 21
339 21
340 21
341 21
342 21
343 21
344 21
345 21
346 21
347 21
348 21
349 21
350 21
351 21
352 21
353 21
354 21
355 21
356 21
357 21
358 21
359 21
360 21
361 21
362 21
363 21
364 21
365 21
366 21
367 21
368 21
369 21
370 21
371 21
372 21
373 21
374 21
375 21
376 21
377 21
378 21
379 21
380 21
381 21
382 21
383 21
384 21
385 21
386 21
387 21
388 21
389 21
390 21
391 21
392 21
393 21
394 21
395 21
396 21
397 21
398 21
399 21
400 21
401 21
402 21
403 21
404 21
405 21
406 21
407 21
408 21
409 21
410 21
411 21
412 21
413 21
414 21
415 21
416 21
417 21
418 21
419 21
420 21
421 21
422 21
423 21
424 21
425 21
426 21
427 21
428 21
429 21
430 21
431 21
432 21
433 21
434 21
435 21
436 21
437 21
438 21
439 21
440 21
441 21
442 21
443 21
444 21
445 21
446 21
447 21
448 21
449 21
450 21
451 21
452 21
453 21
454 21
455 21
456 21
457 21
458 21
459 21
460 21
461 21
462 21
463 21
464 21
465 21
466 21
467 21
468 21
469 21
470 21
471 21
472 21
473 21
474 21
475 21
476 21
477 21
478 21
479 21
480 21
481 21
482 21
483 21
484 21
485 21
486 21
487 21
488 21
489 21
490 21
491 21
492 21
493 21
494 21
495 21
496 21
497 21
498 21
499 21
500 21
501 21
502 21
503 21
504 21
505 21
506 21
507 21
508 21
509 21
510 21
511 21
512 21
513 21
514 21
515 21
516 21
517 21
518 21
519 21
520 21
521 21
522 21
523 21
524 21
525 21
526 21
527 21
528 21
529 21
530 21
531 21
532 21
533 21
534 21
535 21
536 21
537 21
538 21
539 21
540 21
541 21
542 21
543 21
544 21
545 21
546 21
547 21
548 21
549 21
550 21
551 21
552 21
553 21
554 21
555 21
556 21
557 21
558 21
559 21
560 21
561 21
562 21
563 21
564 21
565 21
566 21
567 21
568 21
569 21
570 21
571 21
572 21
573 21
574 21
575 21
576 21
577 21
578 21
579 21
580 21
581 21
582 21
583 21
584 21
585 21
586 21
587 21
588 21
589 21
590 21
591 21
592 21
593 21
594 21
595 21
596 21
597 21
598 21
599 21
600 21
601 21
602 21
603 21
604 21
605 21
606 21
607 21
608 21
609 21
610 21
611 21
612 21
613 21
614 21
615 21
616 21
617 21
618 21
619 21
620 21
621 21
622 21
623 21
624 21
625 21
626 21
627 21
628 21
629 21
630 21
631 21
632 21
633 21
634 21
635 21
636 21
637 21
638 21
639 21
640 21
641 21
642 21
643 21
644 21
645 21
646 21
647 21
648 21
649 21
650 21
651 21
652 21
653 21
654 21
655 21
656 21
657 21
658 21
659 21
660 21
661 21
662 21
663 21
664 21
665 21
666 21
667 21
668 21
669 21
670 21
671 21
672 21
673 21
674 21
675 21
676 21
677 21
678 21
679 21
680 21
681 21
682 21
683 21
684 21
685 21
686 21
687 21
688 21
689 21
690 21
691 21
692 21
693 21
694 21
695 21
696 21
697 21
698 21
699 21
700 21
701 21
702 21
703 21
704 21
705 21
706 21
707 21
708 21
709 21
710 21
711 21
712 21
713 21
714 21
715 21
716 21
717 21
718 21
719 21
720 21
721 21
722 21
723 21
724 21
725 21
726 21
727 21
728 21
729 21
730 21
731 21
732 21
733 21
734 21
735 21
736 21
737 21
738 21
739 21
740 21
741 21
742 21
743 21
744 21
745 21
746 21
747 21
748 21
749 21
750 21
751 21
752 21
753 21
754 21
755 21
756 21
757 21
758 21
759 21
760 21
761 21
762 21
763 21
764 21
765 21
766 21
767 21
768 21
769 21
770 21
771 21
772 21
773 21
774 21
775 21
776 21
777 21
778 21
779 21
780 21
781 21
782 21
783 21
784 21
785 21
786 21
787 21
788 21
789 21
790 21
791 21
792 21
793 21
794 21
795 21
796 21
797 21
798 21
799 21
800 21
801 21
802 21
803 21
804 21
805 21
806 21
807 21
808 21
809 21
810 21
811 21
812 21
813 21
814 21
815 21
816 21
817 21
818 21
819 21
820 21
821 21
822 21
823 21
824 21
825 21
826 21
827 21
828 21
829 21
830 21
831 21
832 21
833 21
834 21
835 21
836 21
837 21
838 21
839 21
840 21
841 21
842 21
843 21
844 21
845 21
846 21
847 21
848 21
849 21
850 21
851 21
852 21
0 22
1 22
2 22
3 22
4 22
5 22
6 22
7 22
8 22
9 22
10 22
11 22
12 22
13 22
14 22
15 22
16 22
17 22
18 22
19 22
20 22
21 22
22 22
23 22
24 22
25 22
26 22
27 22
28 22
29 22
30 22
31 22
32 22
33 22
34 22
35 22
36 22
37 22
38 22
39 22
40 22
41 22
42 22
43 22
44 22
45 22
46 22
47 22
48 22
49 22
50 22
51 22
52 22
53 22
54 22
55 22
56 22
57 22
58 22
59 22
60 22
61 22
62 22
63 22
64 22
65 22
66 22
67 22
68 22
69 22
70 22
71 22
72 22
73 22
74 22
75 22
76 22
77 22
78 22
79 22
80 22
81 22
82 22
83 22
84 22
85 22
86 22
87 22
88 22
89 22
90 22
91 22
92 22
93 22
94 22
95 22
96 22
97 22
98 22
99 22
100 22
101 22
102 22
103 22
104 22
105 22
106 22
107 22
108 22
109 22
110 22
111 22
112 22
113 22
114 22
115 22
116 22
117 22
118 22
119 22
120 22
121 22
122 22
123 22
124 22
125 22
126 22
127 22
128 22
129 22
130 22
131 22
132 22
133 22
134 22
135 22
136 22
137 22
138 22
139 22
140 22
141 22
142 22
143 22
144 22
145 22
146 22
147 22
148 22
149 22
150 22
151 22
152 22
153 22
154 22
155 22
156 22
157 22
158 22
159 22
160 22
161 22
162 22
163 22
164 22
165 22
166 22
167 22
168 22
169 22
170 22
171 22
172 22
173 22
174 22
175 22
176 22
177 22
178 22
179 22
180 22
181 22
182 22
183 22
184 22
185 22
186 22
187 22
188 22
189 22
190 22
191 22
192 22
193 22
194 22
195 22
196 22
197 22
198 22
199 22
200 22
201 22
202 22
203 22
204 22
205 22
206 22
207 22
208 22
209 22
210 22
211 22
212 22
213 22
214 22
215 22
216 22
217 22
218 22
219 22
220 22
221 22
222 22
223 22
224 22
225 22
226 22
227 22
228 22
229 22
230 22
231 22
232 22
233 22
234 22
235 22
236 22
237 22
238 22
239 22
240 22
241 22
242 22
243 22
244 22
245 22
246 22
247 22
248 22
249 22
250 22
251 22
252 22
253 22
254 22
255 22
256 22
257 22
258 22
259 22
260 22
261 22
262 22
263 22
264 22
265 22
266 22
267 22
268 22
269 22
270 22
271 22
272 22
273 22
274 22
275 22
276 22
277 22
278 22
279 22
280 22
281 22
282 22
283 22
284 22
285 22
286 22
287 22
288 22
289 22
290 22
291 22
292 22
293 22
294 22
295 22
296 22
297 22
298 22
299 22
300 22
301 22
302 22
303 22
304 22
305 22
306 22
307 22
308 22
309 22
310 22
311 22
312 22
313 22
314 22
315 22
316 22
317 22
318 22
319 22
320 22
321 22
322 22
323 22
324 22
325 22
326 22
327 22
328 22
329 22
330 22
331 22
332 22
333 22
334 22
335 22
336 22
337 22
338 22
339 22
340 22
341 22
342 22
343 22
344 22
345 22
346 22
347 22
348 22
349 22
350 22
351 22
352 22
353 22
354 22
355 22
356 22
357 22
358 22
359 22
360 22
361 22
362 22
363 22
364 22
365 22
366 22
367 22
368 22
369 22
370 22
371 22
372 22
373 22
374 22
375 22
376 22
377 22
378 22
379 22
380 22
381 22
382 22
383 22
384 22
385 22
386 22
387 22
388 22
389 22
390 22
391 22
392 22
393 22
394 22
395 22
396 22
397 22
398 22
399 22
400 22
401 22
402 22
403 22
404 22
405 22
406 22
407 22
408 22
409 22
410 22
411 22
412 22
413 22
414 22
415 22
416 22
417 22
418 22
419 22
420 22
421 22
422 22
423 22
424 22
425 22
426 22
427 22
428 22
429 22
430 22
431 22
432 22
433 22
434 22
435 22
436 22
437 22
438 22
439 22
440 22
441 22
442 22
443 22
444 22
445 22
446 22
447 22
448 22
449 22
450 22
451 22
452 22
453 22
454 22
455 22
456 22
457 22
458 22
459 22
460 22
461 22
462 22
463 22
464 22
465 22
466 22
467 22
468 22
469 22
470 22
471 22
472 22
473 22
474 22
475 22
476 22
477 22
478 22
479 22
480 22
481 22
482 22
483 22
484 22
485 22
486 22
487 22
488 22
489 22
490 22
491 22
492 22
493 22
494 22
495 22
496 22
497 22
498 22
499 22
500 22
501 22
502 22
503 22
504 22
505 22
506 22
507 22
508 22
509 22
510 22
511 22
512 22
513 22
514 22
515 22
516 22
517 22
518 22
519 22
520 22
521 22
522 22
523 22
524 22
525 22
526 22
527 22
528 22
529 22
530 22
531 22
532 22
533 22
534 22
535 22
536 22
537 22
538 22
539 22
540 22
541 22
542 22
543 22
544 22
545 22
546 22
547 22
548 22
549 22
550 22
551 22
552 22
553 22
554 22
555 22
556 22
557 22
558 22
559 22
560 22
561 22
562 22
563 22
564 22
565 22
566 22
567 22
568 22
569 22
570 22
571 22
572 22
573 22
574 22
575 22
576 22
577 22
578 22
579 22
580 22
581 22
582 22
583 22
584 22
585 22
586 22
587 22
588 22
589 22
590 22
591 22
592 22
593 22
594 22
595 22
596 22
597 22
598 22
599 22
600 22
601 22
602 22
603 22
604 22
605 22
606 22
607 22
608 22
609 22
610 22
611 22
612 22
613 22
614 22
615 22
616 22
617 22
618 22
619 22
620 22
621 22
622 22
623 22
624 22
625 22
626 22
627 22
628 22
629 22
630 22
631 22
632 22
633 22
634 22
635 22
636 22
637 22
638 22
639 22
640 22
641 22
642 22
643 22
644 22
645 22
646 22
647 22
648 22
649 22
650 22
651 22
652 22
653 22
654 22
655 22
656 22
657 22
658 22
659 22
660 22
661 22
662 22
663 22
664 22
665 22
666 22
667 22
668 22
669 22
670 22
671 22
672 22
673 22
674 22
675 22
676 22
677 22
678 22
679 22
680 22
681 22
682 22
683 22
684 22
685 22
686 22
687 22
688 22
689 22
690 22
691 22
692 22
693 22
694 22
695 22
696 22
697 22
698 22
699 22
700 22
701 22
702 22
703 22
704 22
705 22
706 22
707 22
708 22
709 22
710 22
711 22
712 22
713 22
714 22
715 22
716 22
717 22
718 22
719 22
720 22
721 22
722 22
723 22
724 22
725 22
726 22
727 22
728 22
729 22
730 22
731 22
732 22
733 22
734 22
735 22
736 22
737 22
738 22
739 22
740 22
741 22
742 22
743 22
744 22
745 22
746 22
747 22
748 22
749 22
750 22
751 22
752 22
753 22
754 22
755 22
756 22
757 22
758 22
759 22
760 22
761 22
762 22
763 22
764 22
765 22
766 22
767 22
768 22
769 22
770 22
771 22
772 22
773 22
774 22
775 22
776 22
777 22
778 22
779 22
780 22
781 22
782 22
783 22
784 22
785 22
786 22
787 22
788 22
789 22
790 22
791 22
792 22
793 22
794 22
795 22
796 22
797 22
798 22
799 22
800 22
801 22
802 22
803 22
804 22
805 22
806 22
807 22
808 22
809 22
810 22
811 22
812 22
813 22
814 22
815 22
816 22
817 22
818 22
819 22
820 22
821 22
822 22
823 22
824 22
825 22
826 22
827 22
828 22
829 22
830 22
831 22
832 22
833 22
834 22
835 22
836 22
837 22
838 22
839 22
840 22
841 22
842 22
843 22
844 22
845 22
846 22
847 22
848 22
849 22
850 22
851 22
852 22
0 23
1 23
2 23
3 23
4 23
5 23
6 23
7 23
8 23
9 23
10 23
11 23
12 23
13 23
14 23
15 23
16 23
17 23
18 23
19 23
20 23
21 23
22 23
23 23
24 23
25 23
26 23
27 23
28 23
29 23
30 23
31 23
32 23
33 23
34 23
35 23
36 23
37 23
38 23
39 23
40 23
41 23
42 23
43 23
44 23
45 23
46 23
47 23
48 23
49 23
50 23
51 23
52 23
53 23
54 23
55 23
56 23
57 23
58 23
59 23
60 23
61 23
62 23
63 23
64 23
65 23
66 23
67 23
68 23
69 23
70 23
71 23
72 23
73 23
74 23
75 23
76 23
77 23
78 23
79 23
80 23
81 23
82 23
83 23
84 23
85 23
86 23
87 23
88 23
89 23
90 23
91 23
92 23
93 23
94 23
95 23
96 23
97 23
98 23
99 23
100 23
101 23
102 23
103 23
104 23
105 23
106 23
107 23
108 23
109 23
110 23
111 23
112 23
113 23
114 23
115 23
116 23
117 23
118 23
119 23
120 23
121 23
122 23
123 23
124 23
125 23
126 23
127 23
128 23
129 23
130 23
131 23
132 23
133 23
134 23
135 23
136 23
137 23
138 23
139 23
140 23
141 23
142 23
143 23
144 23
145 23
146 23
147 23
148 23
149 23
150 23
151 23
152 23
153 23
154 23
155 23
156 23
157 23
158 23
159 23
160 23
161 23
162 23
163 23
164 23
165 23
166 23
167 23
168 23
169 23
170 23
171 23
172 23
173 23
174 23
175 23
176 23
177 23
178 23
179 23
180 23
181 23
182 23
183 23
184 23
185 23
186 23
187 23
188 23
189 23
190 23
191 23
192 23
193 23
194 23
195 23
196 23
197 23
198 23
199 23
200 23
201 23
202 23
203 23
204 23
205 23
206 23
207 23
208 23
209 23
210 23
211 23
212 23
213 23
214 23
215 23
216 23
217 23
218 23
219 23
220 23
221 23
222 23
223 23
224 23
225 23
226 23
227 23
228 23
229 23
230 23
231 23
232 23
233 23
234 23
235 23
236 23
237 23
238 23
239 23
240 23
241 23
242 23
243 23
244 23
245 23
246 23
247 23
248 23
249 23
250 23
251 23
252 23
253 23
254 23
255 23
256 23
257 23
258 23
259 23
260 23
261 23
262 23
263 23
264 23
265 23
266 23
267 23
268 23
269 23
270 23
271 23
272 23
273 23
274 23
275 23
276 23
277 23
278 23
279 23
280 23
281 23
282 23
283 23
284 23
285 23
286 23
287 23
288 23
289 23
290 23
291 23
292 23
293 23
294 23
295 23
296 23
297 23
298 23
299 23
300 23
301 23
302 23
303 23
304 23
305 23
306 23
307 23
308 23
309 23
310 23
311 23
312 23
313 23
314 23
315 23
316 23
317 23
318 23
319 23
320 23
321 23
322 23
323 23
324 23
325 23
326 23
327 23
328 23
329 23
330 23
331 23
332 23
333 23
334 23
335 23
336 23
337 23
338 23
339 23
340 23
341 23
342 23
343 23
344 23
345 23
346 23
347 23
348 23
349 23
350 23
351 23
352 23
353 23
354 23
355 23
356 23
357 23
358 23
359 23
360 23
361 23
362 23
363 23
364 23
365 23
366 23
367 23
368 23
369 23
370 23
371 23
372 23
373 23
374 23
375 23
376 23
377 23
378 23
379 23
380 23
381 23
382 23
383 23
384 23
385 23
386 23
387 23
388 23
389 23
390 23
391 23
392 23
393 23
394 23
395 23
396 23
397 23
398 23
399 23
400 23
401 23
402 23
403 23
404 23
405 23
406 23
407 23
408 23
409 23
410 23
411 23
412 23
413 23
414 23
415 23
416 23
417 23
418 23
419 23
420 23
421 23
422 23
423 23
424 23
425 23
426 23
427 23
428 23
429 23
430 23
431 23
432 23
433 23
434 23
435 23
436 23
437 23
438 23
439 23
440 23
441 23
442 23
443 23
444 23
445 23
446 23
447 23
448 23
449 23
450 23
451 23
452 23
453 23
454 23
455 23
456 23
457 23
458 23
459 23
460 23
461 23
462 23
463 23
464 23
465 23
466 23
467 23
468 23
469 23
470 23
471 23
472 23
473 23
474 23
475 23
476 23
477 23
478 23
479 23
480 23
481 23
482 23
483 23
484 23
485 23
486 23
487 23
488 23
489 23
490 23
491 23
492 23
493 23
494 23
495 23
496 23
497 23
498 23
499 23
500 23
501 23
502 23
503 23
504 23
505 23
506 23
507 23
508 23
509 23
510 23
511 23
512 23
513 23
514 23
515 23
516 23
517 23
518 23
519 23
520 23
521 23
522 23
523 23
524 23
525 23
526 23
527 23
528 23
529 23
530 23
531 23
532 23
533 23
534 23
535 23
536 23
537 23
538 23
539 23
540 23
541 23
542 23
543 23
544 23
545 23
546 23
547 23
548 23
549 23
550 23
551 23
552 23
553 23
554 23
555 23
556 23
557 23
558 23
559 23
560 23
561 23
562 23
563 23
564 23
565 23
566 23
567 23
568 23
569 23
570 23
571 23
572 23
573 23
574 23
575 23
576 23
577 23
578 23
579 23
580 23
581 23
582 23
583 23
584 23
585 23
586 23
587 23
588 23
589 23
590 23
591 23
592 23
593 23
594 23
595 23
596 23
597 23
598 23
599 23
600 23
601 23
602 23
603 23
604 23
605 23
606 23
607 23
608 23
609 23
610 23
611 23
612 23
613 23
614 23
615 23
616 23
617 23
618 23
619 23
620 23
621 23
622 23
623 23
624 23
625 23
626 23
627 23
628 23
629 23
630 23
631 23
632 23
633 23
634 23
635 23
636 23
637 23
638 23
639 23
640 23
641 23
642 23
643 23
644 23
645 23
646 23
647 23
648 23
649 23
650 23
651 23
652 23
653 23
654 23
655 23
656 23
657 23
658 23
659 23
660 23
661 23
662 23
663 23
664 23
665 23
666 23
667 23
668 23
669 23
670 23
671 23
672 23
673 23
674 23
675 23
676 23
677 23
678 23
679 23
680 23
681 23
682 23
683 23
684 23
685 23
686 23
687 23
688 23
689 23
690 23
691 23
692 23
693 23
694 23
695 23
696 23
697 23
698 23
699 23
700 23
701 23
702 23
703 23
704 23
705 23
706 23
707 23
708 23
709 23
710 23
711 23
712 23
713 23
714 23
715 23
716 23
717 23
718 23
719 23
720 23
721 23
722 23
723 23
724 23
725 23
726 23
727 23
728 23
729 23
730 23
731 23
732 23
733 23
734 23
735 23
736 23
737 23
738 23
739 23
740 23
741 23
742 23
743 23
744 23
745 23
746 23
747 23
748 23
749 23
750 23
751 23
752 23
753 23
754 23
755 23
756 23
757 23
758 23
759 23
760 23
761 23
762 23
763 23
764 23
765 23
766 23
767 23
768 23
769 23
770 23
771 23
772 23
773 23
774 23
775 23
776 23
777 23
778 23
779 23
780 23
781 23
782 23
783 23
784 23
785 23
786 23
787 23
788 23
789 23
790 23
791 23
792 23
793 23
794 23
795 23
796 23
797 23
798 23
799 23
800 23
801 23
802 23
803 23
804 23
805 23
806 23
807 23
808 23
809 23
810 23
811 23
812 23
813 23
814 23
815 23
816 23
817 23
818 23
819 23
820 23
821 23
822 23
823 23
824 23
825 23
826 23
827 23
828 23
829 23
830 23
831 23
832 23
833 23
834 23
835 23
836 23
837 23
838 23
839 23
840 23
841 23
842 23
843 23
844 23
845 23
846 23
847 23
848 23
849 23
850 23
851 23
852 23
0 24
1 24
2 24
3 24
4 24
5 24
6 24
7 24
8 24
9 24
10 24
11 24
12 24
13 24
14 24
15 24
16 24
17 24
18 24
19 24
20 24
21 24
22 24
23 24
24 24
25 24
26 24
27 24
28 24
29 24
30 24
31 24
32 24
33 24
34 24
35 24
36 24
37 24
38 24
39 24
40 24
41 24
42 24
43 24
44 24
45 24
46 24
47 24
48 24
49 24
50 24
51 24
52 24
53 24
54 24
55 24
56 24
57 24
58 24
59 24
60 24
61 24
62 24
63 24
64 24
65 24
66 24
67 24
68 24
69 24
70 24
71 24
72 24
73 24
74 24
75 24
76 24
77 24
78 24
79 24
80 24
81 24
82 24
83 24
84 24
85 24
86 24
87 24
88 24
89 24
90 24
91 24
92 24
93 24
94 24
95 24
96 24
97 24
98 24
99 24
100 24
101 24
102 24
103 24
104 24
105 24
106 24
107 24
108 24
109 24
110 24
111 24
112 24
113 24
114 24
115 24
116 24
117 24
118 24
119 24
120 24
121 24
122 24
123 24
124 24
125 24
126 24
127 24
128 24
129 24
130 24
131 24
132 24
133 24
134 24
135 24
136 24
137 24
138 24
139 24
140 24
141 24
142 24
143 24
144 24
145 24
146 24
147 24
148 24
149 24
150 24
151 24
152 24
153 24
154 24
155 24
156 24
157 24
158 24
159 24
160 24
161 24
162 24
163 24
164 24
165 24
166 24
167 24
168 24
169 24
170 24
171 24
172 24
173 24
174 24
175 24
176 24
177 24
178 24
179 24
180 24
181 24
182 24
183 24
184 24
185 24
186 24
187 24
188 24
189 24
190 24
191 24
192 24
193 24
194 24
195 24
196 24
197 24
198 24
199 24
200 24
201 24
202 24
203 24
204 24
205 24
206 24
207 24
208 24
209 24
210 24
211 24
212 24
213 24
214 24
215 24
216 24
217 24
218 24
219 24
220 24
221 24
222 24
223 24
224 24
225 24
226 24
227 24
228 24
229 24
230 24
231 24
232 24
233 24
234 24
235 24
236 24
237 24
238 24
239 24
240 24
241 24
242 24
243 24
244 24
245 24
246 24
247 24
248 24
249 24
250 24
251 24
252 24
253 24
254 24
255 24
256 24
257 24
258 24
259 24
260 24
261 24
262 24
263 24
264 24
265 24
266 24
267 24
268 24
269 24
270 24
271 24
272 24
273 24
274 24
275 24
276 24
277 24
278 24
279 24
280 24
281 24
282 24
283 24
284 24
285 24
286 24
287 24
288 24
289 24
290 24
291 24
292 24
293 24
294 24
295 24
296 24
297 24
298 24
299 24
300 24
301 24
302 24
303 24
304 24
305 24
306 24
307 24
308 24
309 24
310 24
311 24
312 24
313 24
314 24
315 24
316 24
317 24
318 24
319 24
320 24
321 24
322 24
323 24
324 24
325 24
326 24
327 24
328 24
329 24
330 24
331 24
332 24
333 24
334 24
335 24
336 24
337 24
338 24
339 24
340 24
341 24
342 24
343 24
344 24
345 24
346 24
347 24
348 24
349 24
350 24
351 24
352 24
353 24
354 24
355 24
356 24
357 24
358 24
359 24
360 24
361 24
362 24
363 24
364 24
365 24
366 24
367 24
368 24
369 24
370 24
371 24
372 24
373 24
374 24
375 24
376 24
377 24
378 24
379 24
380 24
381 24
382 24
383 24
384 24
385 24
386 24
387 24
388 24
389 24
390 24
391 24
392 24
393 24
394 24
395 24
396 24
397 24
398 24
399 24
400 24
401 24
402 24
403 24
404 24
405 24
406 24
407 24
408 24
409 24
410 24
411 24
412 24
413 24
414 24
415 24
416 24
417 24
418 24
419 24
420 24
421 24
422 24
423 24
424 24
425 24
426 24
427 24
428 24
429 24
430 24
431 24
432 24
433 24
434 24
435 24
436 24
437 24
438 24
439 24
440 24
441 24
442 24
443 24
444 24
445 24
446 24
447 24
448 24
449 24
450 24
451 24
452 24
453 24
454 24
455 24
456 24
457 24
458 24
459 24
460 24
461 24
462 24
463 24
464 24
465 24
466 24
467 24
468 24
469 24
470 24
471 24
472 24
473 24
474 24
475 24
476 24
477 24
478 24
479 24
480 24
481 24
482 24
483 24
484 24
485 24
486 24
487 24
488 24
489 24
490 24
491 24
492 24
493 24
494 24
495 24
496 24
497 24
498 24
499 24
500 24
501 24
502 24
503 24
504 24
505 24
506 24
507 24
508 24
509 24
510 24
511 24
512 24
513 24
514 24
515 24
516 24
517 24
518 24
519 24
520 24
521 24
522 24
523 24
524 24
525 24
526 24
527 24
528 24
529 24
530 24
531 24
532 24
533 24
534 24
535 24
536 24
537 24
538 24
539 24
540 24
541 24
542 24
543 24
544 24
545 24
546 24
547 24
548 24
549 24
550 24
551 24
552 24
553 24
554 24
555 24
556 24
557 24
558 24
559 24
560 24
561 24
562 24
563 24
564 24
565 24
566 24
567 24
568 24
569 24
570 24
571 24
572 24
573 24
574 24
575 24
576 24
577 24
578 24
579 24
580 24
581 24
582 24
583 24
584 24
585 24
586 24
587 24
588 24
589 24
590 24
591 24
592 24
593 24
594 24
595 24
596 24
597 24
598 24
599 24
600 24
601 24
602 24
603 24
604 24
605 24
606 24
607 24
608 24
609 24
610 24
611 24
612 24
613 24
614 24
615 24
616 24
617 24
618 24
619 24
620 24
621 24
622 24
623 24
624 24
625 24
626 24
627 24
628 24
629 24
630 24
631 24
632 24
633 24
634 24
635 24
636 24
637 24
638 24
639 24
640 24
641 24
642 24
643 24
644 24
645 24
646 24
647 24
648 24
649 24
650 24
651 24
652 24
653 24
654 24
655 24
656 24
657 24
658 24
659 24
660 24
661 24
662 24
663 24
664 24
665 24
666 24
667 24
668 24
669 24
670 24
671 24
672 24
673 24
674 24
675 24
676 24
677 24
678 24
679 24
680 24
681 24
682 24
683 24
684 24
685 24
686 24
687 24
688 24
689 24
690 24
691 24
692 24
693 24
694 24
695 24
696 24
697 24
698 24
699 24
700 24
701 24
702 24
703 24
704 24
705 24
706 24
707 24
708 24
709 24
710 24
711 24
712 24
713 24
714 24
715 24
716 24
717 24
718 24
719 24
720 24
721 24
722 24
723 24
724 24
725 24
726 24
727 24
728 24
729 24
730 24
731 24
732 24
733 24
734 24
735 24
736 24
737 24
738 24
739 24
740 24
741 24
742 24
743 24
744 24
745 24
746 24
747 24
748 24
749 24
750 24
751 24
752 24
753 24
754 24
755 24
756 24
757 24
758 24
759 24
760 24
761 24
762 24
763 24
764 24
765 24
766 24
767 24
768 24
769 24
770 24
771 24
772 24
773 24
774 24
775 24
776 24
777 24
778 24
779 24
780 24
781 24
782 24
783 24
784 24
785 24
786 24
787 24
788 24
789 24
790 24
791 24
792 24
793 24
794 24
795 24
796 24
797 24
798 24
799 24
800 24
801 24
802 24
803 24
804 24
805 24
806 24
807 24
808 24
809 24
810 24
811 24
812 24
813 24
814 24
815 24
816 24
817 24
818 24
819 24
820 24
821 24
822 24
823 24
824 24
825 24
826 24
827 24
828 24
829 24
830 24
831 24
832 24
833 24
834 24
835 24
836 24
837 24
838 24
839 24
840 24
841 24
842 24
843 24
844 24
845 24
846 24
847 24
848 24
849 24
850 24
851 24
852 24
0 25
1 25
2 25
3 25
4 25
5 25
6 25
7 25
8 25
9 25
10 25
11 25
12 25
13 25
14 25
15 25
16 25
17 25
18 25
19 25
20 25
21 25
22 25
23 25
24 25
25 25
26 25
27 25
28 25
29 25
30 25
31 25
32 25
33 25
34 25
35 25
36 25
37 25
38 25
39 25
40 25
41 25
42 25
43 25
44 25
45 25
46 25
47 25
48 25
49 25
50 25
51 25
52 25
53 25
54 25
55 25
56 25
57 25
58 25
59 25
60 25
61 25
62 25
63 25
64 25
65 25
66 25
67 25
68 25
69 25
70 25
71 25
72 25
73 25
74 25
75 25
76 25
77 25
78 25
79 25
80 25
81 25
82 25
83 25
84 25
85 25
86 25
87 25
88 25
89 25
90 25
91 25
92 25
93 25
94 25
95 25
96 25
97 25
98 25
99 25
100 25
101 25
102 25
103 25
104 25
105 25
106 25
107 25
108 25
109 25
110 25
111 25
112 25
113 25
114 25
115 25
116 25
117 25
118 25
119 25
120 25
121 25
122 25
123 25
124 25
125 25
126 25
127 25
128 25
129 25
130 25
131 25
132 25
133 25
134 25
135 25
136 25
137 25
138 25
139 25
140 25
141 25
142 25
143 25
144 25
145 25
146 25
147 25
148 25
149 25
150 25
151 25
152 25
153 25
154 25
155 25
156 25
157 25
158 25
159 25
160 25
161 25
162 25
163 25
164 25
165 25
166 25
167 25
168 25
169 25
170 25
171 25
172 25
173 25
174 25
175 25
176 25
177 25
178 25
179 25
180 25
181 25
182 25
183 25
184 25
185 25
186 25
187 25
188 25
189 25
190 25
191 25
192 25
193 25
194 25
195 25
196 25
197 25
198 25
199 25
200 25
201 25
202 25
203 25
204 25
205 25
206 25
207 25
208 25
209 25
210 25
211 25
212 25
213 25
214 25
215 25
216 25
217 25
218 25
219 25
220 25
221 25
222 25
223 25
224 25
225 25
226 25
227 25
228 25
229 25
230 25
231 25
232 25
233 25
234 25
235 25
236 25
237 25
238 25
239 25
240 25
241 25
242 25
243 25
244 25
245 25
246 25
247 25
248 25
249 25
250 25
251 25
252 25
253 25
254 25
255 25
256 25
257 25
258 25
259 25
260 25
261 25
262 25
263 25
264 25
265 25
266 25
267 25
268 25
269 25
270 25
271 25
272 25
273 25
274 25
275 25
276 25
277 25
278 25
279 25
280 25
281 25
282 25
283 25
284 25
285 25
286 25
287 25
288 25
289 25
290 25
291 25
292 25
293 25
294 25
295 25
296 25
297 25
298 25
299 25
300 25
301 25
302 25
303 25
304 25
305 25
306 25
307 25
308 25
309 25
310 25
311 25
312 25
313 25
314 25
315 25
316 25
317 25
318 25
319 25
320 25
321 25
322 25
323 25
324 25
325 25
326 25
327 25
328 25
329 25
330 25
331 25
332 25
333 25
334 25
335 25
336 25
337 25
338 25
339 25
340 25
341 25
342 25
343 25
344 25
345 25
346 25
347 25
348 25
349 25
350 25
351 25
352 25
353 25
354 25
355 25
356 25
357 25
358 25
359 25
360 25
361 25
362 25
363 25
364 25
365 25
366 25
367 25
368 25
369 25
370 25
371 25
372 25
373 25
374 25
375 25
376 25
377 25
378 25
379 25
380 25
381 25
382 25
383 25
384 25
385 25
386 25
387 25
388 25
389 25
390 25
391 25
392 25
393 25
394 25
395 25
396 25
397 25
398 25
399 25
400 25
401 25
402 25
403 25
404 25
405 25
406 25
407 25
408 25
409 25
410 25
411 25
412 25
413 25
414 25
415 25
416 25
417 25
418 25
419 25
420 25
421 25
422 25
423 25
424 25
425 25
426 25
427 25
428 25
429 25
430 25
431 25
432 25
433 25
434 25
435 25
436 25
437 25
438 25
439 25
440 25
441 25
442 25
443 25
444 25
445 25
446 25
447 25
448 25
449 25
450 25
451 25
452 25
453 25
454 25
455 25
456 25
457 25
458 25
459 25
460 25
461 25
462 25
463 25
464 25
465 25
466 25
467 25
468 25
469 25
470 25
471 25
472 25
473 25
474 25
475 25
476 25
477 25
478 25
479 25
480 25
481 25
482 25
483 25
484 25
485 25
486 25
487 25
488 25
489 25
490 25
491 25
492 25
493 25
494 25
495 25
496 25
497 25
498 25
499 25
500 25
501 25
502 25
503 25
504 25
505 25
506 25
507 25
508 25
509 25
510 25
511 25
512 25
513 25
514 25
515 25
516 25
517 25
518 25
519 25
520 25
521 25
522 25
523 25
524 25
525 25
526 25
527 25
528 25
529 25
530 25
531 25
532 25
533 25
534 25
535 25
536 25
537 25
538 25
539 25
540 25
541 25
542 25
543 25
544 25
545 25
546 25
547 25
548 25
549 25
550 25
551 25
552 25
553 25
554 25
555 25
556 25
557 25
558 25
559 25
560 25
561 25
562 25
563 25
564 25
565 25
566 25
567 25
568 25
569 25
570 25
571 25
572 25
573 25
574 25
575 25
576 25
577 25
578 25
579 25
580 25
581 25
582 25
583 25
584 25
585 25
586 25
587 25
588 25
589 25
590 25
591 25
592 25
593 25
594 25
595 25
596 25
597 25
598 25
599 25
600 25
601 25
602 25
603 25
604 25
605 25
606 25
607 25
608 25
609 25
610 25
611 25
612 25
613 25
614 25
615 25
616 25
617 25
618 25
619 25
620 25
621 25
622 25
623 25
624 25
625 25
626 25
627 25
628 25
629 25
630 25
631 25
632 25
633 25
634 25
635 25
636 25
637 25
638 25
639 25
640 25
641 25
642 25
643 25
644 25
645 25
646 25
647 25
648 25
649 25
650 25
651 25
652 25
653 25
654 25
655 25
656 25
657 25
658 25
659 25
660 25
661 25
662 25
663 25
664 25
665 25
666 25
667 25
668 25
669 25
670 25
671 25
672 25
673 25
674 25
675 25
676 25
677 25
678 25
679 25
680 25
681 25
682 25
683 25
684 25
685 25
686 25
687 25
688 25
689 25
690 25
691 25
692 25
693 25
694 25
695 25
696 25
697 25
698 25
699 25
700 25
701 25
702 25
703 25
704 25
705 25
706 25
707 25
708 25
709 25
710 25
711 25
712 25
713 25
714 25
715 25
716 25
717 25
718 25
719 25
720 25
721 25
722 25
723 25
724 25
725 25
726 25
727 25
728 25
729 25
730 25
731 25
732 25
733 25
734 25
735 25
736 25
737 25
738 25
739 25
740 25
741 25
742 25
743 25
744 25
745 25
746 25
747 25
748 25
749 25
750 25
751 25
752 25
753 25
754 25
755 25
756 25
757 25
758 25
759 25
760 25
761 25
762 25
763 25
764 25
765 25
766 25
767 25
768 25
769 25
770 25
771 25
772 25
773 25
774 25
775 25
776 25
777 25
778 25
779 25
780 25
781 25
782 25
783 25
784 25
785 25
786 25
787 25
788 25
789 25
790 25
791 25
792 25
793 25
794 25
795 25
796 25
797 25
798 25
799 25
800 25
801 25
802 25
803 25
804 25
805 25
806 25
807 25
808 25
809 25
810 25
811 25
812 25
813 25
814 25
815 25
816 25
817 25
818 25
819 25
820 25
821 25
822 25
823 25
824 25
825 25
826 25
827 25
828 25
829 25
830 25
831 25
832 25
833 25
834 25
835 25
836 25
837 25
838 25
839 25
840 25
841 25
842 25
843 25
844 25
845 25
846 25
847 25
848 25
849 25
850 25
851 25
852 25
0 26
1 26
2 26
3 26
4 26
5 26
6 26
7 26
8 26
9 26
10 26
11 26
12 26
13 26
14 26
15 26
16 26
17 26
18 26
19 26
20 26
21 26
22 26
23 26
24 26
25 26
26 26
27 26
28 26
29 26
30 26
31 26
32 26
33 26
34 26
35 26
36 26
37 26
38 26
39 26
40 26
41 26
42 26
43 26
44 26
45 26
46 26
47 26
48 26
49 26
50 26
51 26
52 26
53 26
54 26
55 26
56 26
57 26
58 26
59 26
60 26
61 26
62 26
63 26
64 26
65 26
66 26
67 26
68 26
69 26
70 26
71 26
72 26
73 26
74 26
75 26
76 26
77 26
78 26
79 26
80 26
81 26
82 26
83 26
84 26
85 26
86 26
87 26
88 26
89 26
90 26
91 26
92 26
93 26
94 26
95 26
96 26
97 26
98 26
99 26
100 26
101 26
102 26
103 26
104 26
105 26
106 26
107 26
108 26
109 26
110 26
111 26
112 26
113 26
114 26
115 26
116 26
117 26
118 26
119 26
120 26
121 26
122 26
123 26
124 26
125 26
126 26
127 26
128 26
129 26
130 26
131 26
132 26
133 26
134 26
135 26
136 26
137 26
138 26
139 26
140 26
141 26
142 26
143 26
144 26
145 26
146 26
147 26
148 26
149 26
150 26
151 26
152 26
153 26
154 26
155 26
156 26
157 26
158 26
159 26
160 26
161 26
162 26
163 26
164 26
165 26
166 26
167 26
168 26
169 26
170 26
171 26
172 26
173 26
174 26
175 26
176 26
177 26
178 26
179 26
180 26
181 26
182 26
183 26
184 26
185 26
186 26
187 26
188 26
189 26
190 26
191 26
192 26
193 26
194 26
195 26
196 26
197 26
198 26
199 26
200 26
201 26
202 26
203 26
204 26
205 26
206 26
207 26
208 26
209 26
210 26
211 26
212 26
213 26
214 26
215 26
216 26
217 26
218 26
219 26
220 26
221 26
222 26
223 26
224 26
225 26
226 26
227 26
228 26
229 26
230 26
231 26
232 26
233 26
234 26
235 26
236 26
237 26
238 26
239 26
240 26
241 26
242 26
243 26
244 26
245 26
246 26
247 26
248 26
249 26
250 26
251 26
252 26
253 26
254 26
255 26
256 26
257 26
258 26
259 26
260 26
261 26
262 26
263 26
264 26
265 26
266 26
267 26
268 26
269 26
270 26
271 26
272 26
273 26
274 26
275 26
276 26
277 26
278 26
279 26
280 26
281 26
282 26
283 26
284 26
285 26
286 26
287 26
288 26
289 26
290 26
291 26
292 26
293 26
294 26
295 26
296 26
297 26
298 26
299 26
300 26
301 26
302 26
303 26
304 26
305 26
306 26
307 26
308 26
309 26
310 26
311 26
312 26
313 26
314 26
315 26
316 26
317 26
318 26
319 26
320 26
321 26
322 26
323 26
324 26
325 26
326 26
327 26
328 26
329 26
330 26
331 26
332 26
333 26
334 26
335 26
336 26
337 26
338 26
339 26
340 26
341 26
342 26
343 26
344 26
345 26
346 26
347 26
348 26
349 26
350 26
351 26
352 26
353 26
354 26
355 26
356 26
357 26
358 26
359 26
360 26
361 26
362 26
363 26
364 26
365 26
366 26
367 26
368 26
369 26
370 26
371 26
372 26
373 26
374 26
375 26
376 26
377 26
378 26
379 26
380 26
381 26
382 26
383 26
384 26
385 26
386 26
387 26
388 26
389 26
390 26
391 26
392 26
393 26
394 26
395 26
396 26
397 26
398 26
399 26
400 26
401 26
402 26
403 26
404 26
405 26
406 26
407 26
408 26
409 26
410 26
411 26
412 26
413 26
414 26
415 26
416 26
417 26
418 26
419 26
420 26
421 26
422 26
423 26
424 26
425 26
426 26
427 26
428 26
429 26
430 26
431 26
432 26
433 26
434 26
435 26
436 26
437 26
438 26
439 26
440 26
441 26
442 26
443 26
444 26
445 26
446 26
447 26
448 26
449 26
450 26
451 26
452 26
453 26
454 26
455 26
456 26
457 26
458 26
459 26
460 26
461 26
462 26
463 26
464 26
465 26
466 26
467 26
468 26
469 26
470 26
471 26
472 26
473 26
474 26
475 26
476 26
477 26
478 26
479 26
480 26
481 26
482 26
483 26
484 26
485 26
486 26
487 26
488 26
489 26
490 26
491 26
492 26
493 26
494 26
495 26
496 26
497 26
498 26
499 26
500 26
501 26
502 26
503 26
504 26
505 26
506 26
507 26
508 26
509 26
510 26
511 26
512 26
513 26
514 26
515 26
516 26
517 26
518 26
519 26
520 26
521 26
522 26
523 26
524 26
525 26
526 26
527 26
528 26
529 26
530 26
531 26
532 26
533 26
534 26
535 26
536 26
537 26
538 26
539 26
540 26
541 26
542 26
543 26
544 26
545 26
546 26
547 26
548 26
549 26
550 26
551 26
552 26
553 26
554 26
555 26
556 26
557 26
558 26
559 26
560 26
561 26
562 26
563 26
564 26
565 26
566 26
567 26
568 26
569 26
570 26
571 26
572 26
573 26
574 26
575 26
576 26
577 26
578 26
579 26
580 26
581 26
582 26
583 26
584 26
585 26
586 26
587 26
588 26
589 26
590 26
591 26
592 26
593 26
594 26
595 26
596 26
597 26
598 26
599 26
600 26
601 26
602 26
603 26
604 26
605 26
606 26
607 26
608 26
609 26
610 26
611 26
612 26
613 26
614 26
615 26
616 26
617 26
618 26
619 26
620 26
621 26
622 26
623 26
624 26
625 26
626 26
627 26
628 26
629 26
630 26
631 26
632 26
633 26
634 26
635 26
636 26
637 26
638 26
639 26
640 26
641 26
642 26
643 26
644 26
645 26
646 26
647 26
648 26
649 26
650 26
651 26
652 26
653 26
654 26
655 26
656 26
657 26
658 26
659 26
660 26
661 26
662 26
663 26
664 26
665 26
666 26
667 26
668 26
669 26
670 26
671 26
672 26
673 26
674 26
675 26
676 26
677 26
678 26
679 26
680 26
681 26
682 26
683 26
684 26
685 26
686 26
687 26
688 26
689 26
690 26
691 26
692 26
693 26
694 26
695 26
696 26
697 26
698 26
699 26
700 26
701 26
702 26
703 26
704 26
705 26
706 26
707 26
708 26
709 26
710 26
711 26
712 26
713 26
714 26
715 26
716 26
717 26
718 26
719 26
720 26
721 26
722 26
723 26
724 26
725 26
726 26
727 26
728 26
729 26
730 26
731 26
732 26
733 26
734 26
735 26
736 26
737 26
738 26
739 26
740 26
741 26
742 26
743 26
744 26
745 26
746 26
747 26
748 26
749 26
750 26
751 26
752 26
753 26
754 26
755 26
756 26
757 26
758 26
759 26
760 26
761 26
762 26
763 26
764 26
765 26
766 26
767 26
768 26
769 26
770 26
771 26
772 26
773 26
774 26
775 26
776 26
777 26
778 26
779 26
780 26
781 26
782 26
783 26
784 26
785 26
786 26
787 26
788 26
789 26
790 26
791 26
792 26
793 26
794 26
795 26
796 26
797 26
798 26
799 26
800 26
801 26
802 26
803 26
804 26
805 26
806 26
807 26
808 26
809 26
810 26
811 26
812 26
813 26
814 26
815 26
816 26
817 26
818 26
819 26
820 26
821 26
822 26
823 26
824 26
825 26
826 26
827 26
828 26
829 26
830 26
831 26
832 26
833 26
834 26
835 26
836 26
837 26
838 26
839 26
840 26
841 26
842 26
843 26
844 26
845 26
846 26
847 26
848 26
849 26
850 26
851 26
852 26
0 27
1 27
2 27
3 27
4 27
5 27
6 27
7 27
8 27
9 27
10 27
11 27
12 27
13 27
14 27
15 27
16 27
17 27
18 27
19 27
20 27
21 27
22 27
23 27
24 27
25 27
26 27
27 27
28 27
29 27
30 27
31 27
32 27
33 27
34 27
35 27
36 27
37 27
38 27
39 27
40 27
41 27
42 27
43 27
44 27
45 27
46 27
47 27
48 27
49 27
50 27
51 27
52 27
53 27
54 27
55 27
56 27
57 27
58 27
59 27
60 27
61 27
62 27
63 27
64 27
65 27
66 27
67 27
68 27
69 27
70 27
71 27
72 27
73 27
74 27
75 27
76 27
77 27
78 27
79 27
80 27
81 27
82 27
83 27
84 27
85 27
86 27
87 27
88 27
89 27
90 27
91 27
92 27
93 27
94 27
95 27
96 27
97 27
98 27
99 27
100 27
101 27
102 27
103 27
104 27
105 27
106 27
107 27
108 27
109 27
110 27
111 27
112 27
113 27
114 27
115 27
116 27
117 27
118 27
119 27
120 27
121 27
122 27
123 27
124 27
125 27
126 27
127 27
128 27
129 27
130 27
131 27
132 27
133 27
134 27
135 27
136 27
137 27
138 27
139 27
140 27
141 27
142 27
143 27
144 27
145 27
146 27
147 27
148 27
149 27
150 27
151 27
152 27
153 27
154 27
155 27
156 27
157 27
158 27
159 27
160 27
161 27
162 27
163 27
164 27
165 27
166 27
167 27
168 27
169 27
170 27
171 27
172 27
173 27
174 27
175 27
176 27
177 27
178 27
179 27
180 27
181 27
182 27
183 27
184 27
185 27
186 27
187 27
188 27
189 27
190 27
191 27
192 27
193 27
194 27
195 27
196 27
197 27
198 27
199 27
200 27
201 27
202 27
203 27
204 27
205 27
206 27
207 27
208 27
209 27
210 27
211 27
212 27
213 27
214 27
215 27
216 27
217 27
218 27
219 27
220 27
221 27
222 27
223 27
224 27
225 27
226 27
227 27
228 27
229 27
230 27
231 27
232 27
233 27
234 27
235 27
236 27
237 27
238 27
239 27
240 27
241 27
242 27
243 27
244 27
245 27
246 27
247 27
248 27
249 27
250 27
251 27
252 27
253 27
254 27
255 27
256 27
257 27
258 27
259 27
260 27
261 27
262 27
263 27
264 27
265 27
266 27
267 27
268 27
269 27
270 27
271 27
272 27
273 27
274 27
275 27
276 27
277 27
278 27
279 27
280 27
281 27
282 27
283 27
284 27
285 27
286 27
287 27
288 27
289 27
290 27
291 27
292 27
293 27
294 27
295 27
296 27
297 27
298 27
299 27
300 27
301 27
302 27
303 27
304 27
305 27
306 27
307 27
308 27
309 27
310 27
311 27
312 27
313 27
314 27
315 27
316 27
317 27
318 27
319 27
320 27
321 27
322 27
323 27
324 27
325 27
326 27
327 27
328 27
329 27
330 27
331 27
332 27
333 27
334 27
335 27
336 27
337 27
338 27
339 27
340 27
341 27
342 27
343 27
344 27
345 27
346 27
347 27
348 27
349 27
350 27
351 27
352 27
353 27
354 27
355 27
356 27
357 27
358 27
359 27
360 27
361 27
362 27
363 27
364 27
365 27
366 27
367 27
368 27
369 27
370 27
371 27
372 27
373 27
374 27
375 27
376 27
377 27
378 27
379 27
380 27
381 27
382 27
383 27
384 27
385 27
386 27
387 27
388 27
389 27
390 27
391 27
392 27
393 27
394 27
395 27
396 27
397 27
398 27
399 27
400 27
401 27
402 27
403 27
404 27
405 27
406 27
407 27
408 27
409 27
410 27
411 27
412 27
413 27
414 27
415 27
416 27
417 27
418 27
419 27
420 27
421 27
422 27
423 27
424 27
425 27
426 27
427 27
428 27
429 27
430 27
431 27
432 27
433 27
434 27
435 27
436 27
437 27
438 27
439 27
440 27
441 27
442 27
443 27
444 27
445 27
446 27
447 27
448 27
449 27
450 27
451 27
452 27
453 27
454 27
455 27
456 27
457 27
458 27
459 27
460 27
461 27
462 27
463 27
464 27
465 27
466 27
467 27
468 27
469 27
470 27
471 27
472 27
473 27
474 27
475 27
476 27
477 27
478 27
479 27
480 27
481 27
482 27
483 27
484 27
485 27
486 27
487 27
488 27
489 27
490 27
491 27
492 27
493 27
494 27
495 27
496 27
497 27
498 27
499 27
500 27
501 27
502 27
503 27
504 27
505 27
506 27
507 27
508 27
509 27
510 27
511 27
512 27
513 27
514 27
515 27
516 27
517 27
518 27
519 27
520 27
521 27
522 27
523 27
524 27
525 27
526 27
527 27
528 27
529 27
530 27
531 27
532 27
533 27
534 27
535 27
536 27
537 27
538 27
539 27
540 27
541 27
542 27
543 27
544 27
545 27
546 27
547 27
548 27
549 27
550 27
551 27
552 27
553 27
554 27
555 27
556 27
557 27
558 27
559 27
560 27
561 27
562 27
563 27
564 27
565 27
566 27
567 27
568 27
569 27
570 27
571 27
572 27
573 27
574 27
575 27
576 27
577 27
578 27
579 27
580 27
581 27
582 27
583 27
584 27
585 27
586 27
587 27
588 27
589 27
590 27
591 27
592 27
593 27
594 27
595 27
596 27
597 27
598 27
599 27
600 27
601 27
602 27
603 27
604 27
605 27
606 27
607 27
608 27
609 27
610 27
611 27
612 27
613 27
614 27
615 27
616 27
617 27
618 27
619 27
620 27
621 27
622 27
623 27
624 27
625 27
626 27
627 27
628 27
629 27
630 27
631 27
632 27
633 27
634 27
635 27
636 27
637 27
638 27
639 27
640 27
641 27
642 27
643 27
644 27
645 27
646 27
647 27
648 27
649 27
650 27
651 27
652 27
653 27
654 27
655 27
656 27
657 27
658 27
659 27
660 27
661 27
662 27
663 27
664 27
665 27
666 27
667 27
668 27
669 27
670 27
671 27
672 27
673 27
674 27
675 27
676 27
677 27
678 27
679 27
680 27
681 27
682 27
683 27
684 27
685 27
686 27
687 27
688 27
689 27
690 27
691 27
692 27
693 27
694 27
695 27
696 27
697 27
698 27
699 27
700 27
701 27
702 27
703 27
704 27
705 27
706 27
707 27
708 27
709 27
710 27
711 27
712 27
713 27
714 27
715 27
716 27
717 27
718 27
719 27
720 27
721 27
722 27
723 27
724 27
725 27
726 27
727 27
728 27
729 27
730 27
731 27
732 27
733 27
734 27
735 27
736 27
737 27
738 27
739 27
740 27
741 27
742 27
743 27
744 27
745 27
746 27
747 27
748 27
749 27
750 27
751 27
752 27
753 27
754 27
755 27
756 27
757 27
758 27
759 27
760 27
761 27
762 27
763 27
764 27
765 27
766 27
767 27
768 27
769 27
770 27
771 27
772 27
773 27
774 27
775 27
776 27
777 27
778 27
779 27
780 27
781 27
782 27
783 27
784 27
785 27
786 27
787 27
788 27
789 27
790 27
791 27
792 27
793 27
794 27
795 27
796 27
797 27
798 27
799 27
800 27
801 27
802 27
803 27
804 27
805 27
806 27
807 27
808 27
809 27
810 27
811 27
812 27
813 27
814 27
815 27
816 27
817 27
818 27
819 27
820 27
821 27
822 27
823 27
824 27
825 27
826 27
827 27
828 27
829 27
830 27
831 27
832 27
833 27
834 27
835 27
836 27
837 27
838 27
839 27
840 27
841 27
842 27
843 27
844 27
845 27
846 27
847 27
848 27
849 27
850 27
851 27
852 27
0 28
1 28
2 28
3 28
4 28
5 28
6 28
7 28
8 28
9 28
10 28
11 28
12 28
13 28
14 28
15 28
16 28
17 28
18 28
19 28
20 28
21 28
22 28
23 28
24 28
25 28
26 28
27 28
28 28
29 28
30 28
31 28
32 28
33 28
34 28
35 28
36 28
37 28
38 28
39 28
40 28
41 28
42 28
43 28
44 28
45 28
46 28
47 28
48 28
49 28
50 28
51 28
52 28
53 28
54 28
55 28
56 28
57 28
58 28
59 28
60 28
61 28
62 28
63 28
64 28
65 28
66 28
67 28
68 28
69 28
70 28
71 28
72 28
73 28
74 28
75 28
76 28
77 28
78 28
79 28
80 28
81 28
82 28
83 28
84 28
85 28
86 28
87 28
88 28
89 28
90 28
91 28
92 28
93 28
94 28
95 28
96 28
97 28
98 28
99 28
100 28
101 28
102 28
103 28
104 28
105 28
106 28
107 28
108 28
109 28
110 28
111 28
112 28
113 28
114 28
115 28
116 28
117 28
118 28
119 28
120 28
121 28
122 28
123 28
124 28
125 28
126 28
127 28
128 28
129 28
130 28
131 28
132 28
133 28
134 28
135 28
136 28
137 28
138 28
139 28
140 28
141 28
142 28
143 28
144 28
145 28
146 28
147 28
148 28
149 28
150 28
151 28
152 28
153 28
154 28
155 28
156 28
157 28
158 28
159 28
160 28
161 28
162 28
163 28
164 28
165 28
166 28
167 28
168 28
169 28
170 28
171 28
172 28
173 28
174 28
175 28
176 28
177 28
178 28
179 28
180 28
181 28
182 28
183 28
184 28
185 28
186 28
187 28
188 28
189 28
190 28
191 28
192 28
193 28
194 28
195 28
196 28
197 28
198 28
199 28
200 28
201 28
202 28
203 28
204 28
205 28
206 28
207 28
208 28
209 28
210 28
211 28
212 28
213 28
214 28
215 28
216 28
217 28
218 28
219 28
220 28
221 28
222 28
223 28
224 28
225 28
226 28
227 28
228 28
229 28
230 28
231 28
232 28
233 28
234 28
235 28
236 28
237 28
238 28
239 28
240 28
241 28
242 28
243 28
244 28
245 28
246 28
247 28
248 28
249 28
250 28
251 28
252 28
253 28
254 28
255 28
256 28
257 28
258 28
259 28
260 28
261 28
262 28
263 28
264 28
265 28
266 28
267 28
268 28
269 28
270 28
271 28
272 28
273 28
274 28
275 28
276 28
277 28
278 28
279 28
280 28
281 28
282 28
283 28
284 28
285 28
286 28
287 28
288 28
289 28
290 28
291 28
292 28
293 28
294 28
295 28
296 28
297 28
298 28
299 28
300 28
301 28
302 28
303 28
304 28
305 28
306 28
307 28
308 28
309 28
310 28
311 28
312 28
313 28
314 28
315 28
316 28
317 28
318 28
319 28
320 28
321 28
322 28
323 28
324 28
325 28
326 28
327 28
328 28
329 28
330 28
331 28
332 28
333 28
334 28
335 28
336 28
337 28
338 28
339 28
340 28
341 28
342 28
343 28
344 28
345 28
346 28
347 28
348 28
349 28
350 28
351 28
352 28
353 28
354 28
355 28
356 28
357 28
358 28
359 28
360 28
361 28
362 28
363 28
364 28
365 28
366 28
367 28
368 28
369 28
370 28
371 28
372 28
373 28
374 28
375 28
376 28
377 28
378 28
379 28
380 28
381 28
382 28
383 28
384 28
385 28
386 28
387 28
388 28
389 28
390 28
391 28
392 28
393 28
394 28
395 28
396 28
397 28
398 28
399 28
400 28
401 28
402 28
403 28
404 28
405 28
406 28
407 28
408 28
409 28
410 28
411 28
412 28
413 28
414 28
415 28
416 28
417 28
418 28
419 28
420 28
421 28
422 28
423 28
424 28
425 28
426 28
427 28
428 28
429 28
430 28
431 28
432 28
433 28
434 28
435 28
436 28
437 28
438 28
439 28
440 28
441 28
442 28
443 28
444 28
445 28
446 28
447 28
448 28
449 28
450 28
451 28
452 28
453 28
454 28
455 28
456 28
457 28
458 28
459 28
460 28
461 28
462 28
463 28
464 28
465 28
466 28
467 28
468 28
469 28
470 28
471 28
472 28
473 28
474 28
475 28
476 28
477 28
478 28
479 28
480 28
481 28
482 28
483 28
484 28
485 28
486 28
487 28
488 28
489 28
490 28
491 28
492 28
493 28
494 28
495 28
496 28
497 28
498 28
499 28
500 28
501 28
502 28
503 28
504 28
505 28
506 28
507 28
508 28
509 28
510 28
511 28
512 28
513 28
514 28
515 28
516 28
517 28
518 28
519 28
520 28
521 28
522 28
523 28
524 28
525 28
526 28
527 28
528 28
529 28
530 28
531 28
532 28
533 28
534 28
535 28
536 28
537 28
538 28
539 28
540 28
541 28
542 28
543 28
544 28
545 28
546 28
547 28
548 28
549 28
550 28
551 28
552 28
553 28
554 28
555 28
556 28
557 28
558 28
559 28
560 28
561 28
562 28
563 28
564 28
565 28
566 28
567 28
568 28
569 28
570 28
571 28
572 28
573 28
574 28
575 28
576 28
577 28
578 28
579 28
580 28
581 28
582 28
583 28
584 28
585 28
586 28
587 28
588 28
589 28
590 28
591 28
592 28
593 28
594 28
595 28
596 28
597 28
598 28
599 28
600 28
601 28
602 28
603 28
604 28
605 28
606 28
607 28
608 28
609 28
610 28
611 28
612 28
613 28
614 28
615 28
616 28
617 28
618 28
619 28
620 28
621 28
622 28
623 28
624 28
625 28
626 28
627 28
628 28
629 28
630 28
631 28
632 28
633 28
634 28
635 28
636 28
637 28
638 28
639 28
640 28
641 28
642 28
643 28
644 28
645 28
646 28
647 28
648 28
649 28
650 28
651 28
652 28
653 28
654 28
655 28
656 28
657 28
658 28
659 28
660 28
661 28
662 28
663 28
664 28
665 28
666 28
667 28
668 28
669 28
670 28
671 28
672 28
673 28
674 28
675 28
676 28
677 28
678 28
679 28
680 28
681 28
682 28
683 28
684 28
685 28
686 28
687 28
688 28
689 28
690 28
691 28
692 28
693 28
694 28
695 28
696 28
697 28
698 28
699 28
700 28
701 28
702 28
703 28
704 28
705 28
706 28
707 28
708 28
709 28
710 28
711 28
712 28
713 28
714 28
715 28
716 28
717 28
718 28
719 28
720 28
721 28
722 28
723 28
724 28
725 28
726 28
727 28
728 28
729 28
730 28
731 28
732 28
733 28
734 28
735 28
736 28
737 28
738 28
739 28
740 28
741 28
742 28
743 28
744 28
745 28
746 28
747 28
748 28
749 28
750 28
751 28
752 28
753 28
754 28
755 28
756 28
757 28
758 28
759 28
760 28
761 28
762 28
763 28
764 28
765 28
766 28
767 28
768 28
769 28
770 28
771 28
772 28
773 28
774 28
775 28
776 28
777 28
778 28
779 28
780 28
781 28
782 28
783 28
784 28
785 28
786 28
787 28
788 28
789 28
790 28
791 28
792 28
793 28
794 28
795 28
796 28
797 28
798 28
799 28
800 28
801 28
802 28
803 28
804 28
805 28
806 28
807 28
808 28
809 28
810 28
811 28
812 28
813 28
814 28
815 28
816 28
817 28
818 28
819 28
820 28
821 28
822 28
823 28
824 28
825 28
826 28
827 28
828 28
829 28
830 28
831 28
832 28
833 28
834 28
835 28
836 28
837 28
838 28
839 28
840 28
841 28
842 28
843 28
844 28
845 28
846 28
847 28
848 28
849 28
850 28
851 28
852 28
0 29
1 29
2 29
3 29
4 29
5 29
6 29
7 29
8 29
9 29
10 29
11 29
12 29
13 29
14 29
15 29
16 29
17 29
18 29
19 29
20 29
21 29
22 29
23 29
24 29
25 29
26 29
27 29
28 29
29 29
30 29
31 29
32 29
33 29
34 29
35 29
36 29
37 29
38 29
39 29
40 29
41 29
42 29
43 29
44 29
45 29
46 29
47 29
48 29
49 29
50 29
51 29
52 29
53 29
54 29
55 29
56 29
57 29
58 29
59 29
60 29
61 29
62 29
63 29
64 29
65 29
66 29
67 29
68 29
69 29
70 29
71 29
72 29
73 29
74 29
75 29
76 29
77 29
78 29
79 29
80 29
81 29
82 29
83 29
84 29
85 29
86 29
87 29
88 29
89 29
90 29
91 29
92 29
93 29
94 29
95 29
96 29
97 29
98 29
99 29
100 29
101 29
102 29
103 29
104 29
105 29
106 29
107 29
108 29
109 29
110 29
111 29
112 29
113 29
114 29
115 29
116 29
117 29
118 29
119 29
120 29
121 29
122 29
123 29
124 29
125 29
126 29
127 29
128 29
129 29
130 29
131 29
132 29
133 29
134 29
135 29
136 29
137 29
138 29
139 29
140 29
141 29
142 29
143 29
144 29
145 29
146 29
147 29
148 29
149 29
150 29
151 29
152 29
153 29
154 29
155 29
156 29
157 29
158 29
159 29
160 29
161 29
162 29
163 29
164 29
165 29
166 29
167 29
168 29
169 29
170 29
171 29
172 29
173 29
174 29
175 29
176 29
177 29
178 29
179 29
180 29
181 29
182 29
183 29
184 29
185 29
186 29
187 29
188 29
189 29
190 29
191 29
192 29
193 29
194 29
195 29
196 29
197 29
198 29
199 29
200 29
201 29
202 29
203 29
204 29
205 29
206 29
207 29
208 29
209 29
210 29
211 29
212 29
213 29
214 29
215 29
216 29
217 29
218 29
219 29
220 29
221 29
222 29
223 29
224 29
225 29
226 29
227 29
228 29
229 29
230 29
231 29
232 29
233 29
234 29
235 29
236 29
237 29
238 29
239 29
240 29
241 29
242 29
243 29
244 29
245 29
246 29
247 29
248 29
249 29
250 29
251 29
252 29
253 29
254 29
255 29
256 29
257 29
258 29
259 29
260 29
261 29
262 29
263 29
264 29
265 29
266 29
267 29
268 29
269 29
270 29
271 29
272 29
273 29
274 29
275 29
276 29
277 29
278 29
279 29
280 29
281 29
282 29
283 29
284 29
285 29
286 29
287 29
288 29
289 29
290 29
291 29
292 29
293 29
294 29
295 29
296 29
297 29
298 29
299 29
300 29
301 29
302 29
303 29
304 29
305 29
306 29
307 29
308 29
309 29
310 29
311 29
312 29
313 29
314 29
315 29
316 29
317 29
318 29
319 29
320 29
321 29
322 29
323 29
324 29
325 29
326 29
327 29
328 29
329 29
330 29
331 29
332 29
333 29
334 29
335 29
336 29
337 29
338 29
339 29
340 29
341 29
342 29
343 29
344 29
345 29
346 29
347 29
348 29
349 29
350 29
351 29
352 29
353 29
354 29
355 29
356 29
357 29
358 29
359 29
360 29
361 29
362 29
363 29
364 29
365 29
366 29
367 29
368 29
369 29
370 29
371 29
372 29
373 29
374 29
375 29
376 29
377 29
378 29
379 29
380 29
381 29
382 29
383 29
384 29
385 29
386 29
387 29
388 29
389 29
390 29
391 29
392 29
393 29
394 29
395 29
396 29
397 29
398 29
399 29
400 29
401 29
402 29
403 29
404 29
405 29
406 29
407 29
408 29
409 29
410 29
411 29
412 29
413 29
414 29
415 29
416 29
417 29
418 29
419 29
420 29
421 29
422 29
423 29
424 29
425 29
426 29
427 29
428 29
429 29
430 29
431 29
432 29
433 29
434 29
435 29
436 29
437 29
438 29
439 29
440 29
441 29
442 29
443 29
444 29
445 29
446 29
447 29
448 29
449 29
450 29
451 29
452 29
453 29
454 29
455 29
456 29
457 29
458 29
459 29
460 29
461 29
462 29
463 29
464 29
465 29
466 29
467 29
468 29
469 29
470 29
471 29
472 29
473 29
474 29
475 29
476 29
477 29
478 29
479 29
480 29
481 29
482 29
483 29
484 29
485 29
486 29
487 29
488 29
489 29
490 29
491 29
492 29
493 29
494 29
495 29
496 29
497 29
498 29
499 29
500 29
501 29
502 29
503 29
504 29
505 29
506 29
507 29
508 29
509 29
510 29
511 29
512 29
513 29
514 29
515 29
516 29
517 29
518 29
519 29
520 29
521 29
522 29
523 29
524 29
525 29
526 29
527 29
528 29
529 29
530 29
531 29
532 29
533 29
534 29
535 29
536 29
537 29
538 29
539 29
540 29
541 29
542 29
543 29
544 29
545 29
546 29
547 29
548 29
549 29
550 29
551 29
552 29
553 29
554 29
555 29
556 29
557 29
558 29
559 29
560 29
561 29
562 29
563 29
564 29
565 29
566 29
567 29
568 29
569 29
570 29
571 29
572 29
573 29
574 29
575 29
576 29
577 29
578 29
579 29
580 29
581 29
582 29
583 29
584 29
585 29
586 29
587 29
588 29
589 29
590 29
591 29
592 29
593 29
594 29
595 29
596 29
597 29
598 29
599 29
600 29
601 29
602 29
603 29
604 29
605 29
606 29
607 29
608 29
609 29
610 29
611 29
612 29
613 29
614 29
615 29
616 29
617 29
618 29
619 29
620 29
621 29
622 29
623 29
624 29
625 29
626 29
627 29
628 29
629 29
630 29
631 29
632 29
633 29
634 29
635 29
636 29
637 29
638 29
639 29
640 29
641 29
642 29
643 29
644 29
645 29
646 29
647 29
648 29
649 29
650 29
651 29
652 29
653 29
654 29
655 29
656 29
657 29
658 29
659 29
660 29
661 29
662 29
663 29
664 29
665 29
666 29
667 29
668 29
669 29
670 29
671 29
672 29
673 29
674 29
675 29
676 29
677 29
678 29
679 29
680 29
681 29
682 29
683 29
684 29
685 29
686 29
687 29
688 29
689 29
690 29
691 29
692 29
693 29
694 29
695 29
696 29
697 29
698 29
699 29
700 29
701 29
702 29
703 29
704 29
705 29
706 29
707 29
708 29
709 29
710 29
711 29
712 29
713 29
714 29
715 29
716 29
717 29
718 29
719 29
720 29
721 29
722 29
723 29
724 29
725 29
726 29
727 29
728 29
729 29
730 29
731 29
732 29
733 29
734 29
735 29
736 29
737 29
738 29
739 29
740 29
741 29
742 29
743 29
744 29
745 29
746 29
747 29
748 29
749 29
750 29
751 29
752 29
753 29
754 29
755 29
756 29
757 29
758 29
759 29
760 29
761 29
762 29
763 29
764 29
765 29
766 29
767 29
768 29
769 29
770 29
771 29
772 29
773 29
774 29
775 29
776 29
777 29
778 29
779 29
780 29
781 29
782 29
783 29
784 29
785 29
786 29
787 29
788 29
789 29
790 29
791 29
792 29
793 29
794 29
795 29
796 29
797 29
798 29
799 29
800 29
801 29
802 29
803 29
804 29
805 29
806 29
807 29
808 29
809 29
810 29
811 29
812 29
813 29
814 29
815 29
816 29
817 29
818 29
819 29
820 29
821 29
822 29
823 29
824 29
825 29
826 29
827 29
828 29
829 29
830 29
831 29
832 29
833 29
834 29
835 29
836 29
837 29
838 29
839 29
840 29
841 29
842 29
843 29
844 29
845 29
846 29
847 29
848 29
849 29
850 29
851 29
852 29
0 30
1 30
2 30
3 30
4 30
5 30
6 30
7 30
8 30
9 30
10 30
11 30
12 30
13 30
14 30
15 30
16 30
17 30
18 30
19 30
20 30
21 30
22 30
23 30
24 30
25 30
26 30
27 30
28 30
29 30
30 30
31 30
32 30
33 30
34 30
35 30
36 30
37 30
38 30
39 30
40 30
41 30
42 30
43 30
44 30
45 30
46 30
47 30
48 30
49 30
50 30
51 30
52 30
53 30
54 30
55 30
56 30
57 30
58 30
59 30
60 30
61 30
62 30
63 30
64 30
65 30
66 30
67 30
68 30
69 30
70 30
71 30
72 30
73 30
74 30
75 30
76 30
77 30
78 30
79 30
80 30
81 30
82 30
83 30
84 30
85 30
86 30
87 30
88 30
89 30
90 30
91 30
92 30
93 30
94 30
95 30
96 30
97 30
98 30
99 30
100 30
101 30
102 30
103 30
104 30
105 30
106 30
107 30
108 30
109 30
110 30
111 30
112 30
113 30
114 30
115 30
116 30
117 30
118 30
119 30
120 30
121 30
122 30
123 30
124 30
125 30
126 30
127 30
128 30
129 30
130 30
131 30
132 30
133 30
134 30
135 30
136 30
137 30
138 30
139 30
140 30
141 30
142 30
143 30
144 30
145 30
146 30
147 30
148 30
149 30
150 30
151 30
152 30
153 30
154 30
155 30
156 30
157 30
158 30
159 30
160 30
161 30
162 30
163 30
164 30
165 30
166 30
167 30
168 30
169 30
170 30
171 30
172 30
173 30
174 30
175 30
176 30
177 30
178 30
179 30
180 30
181 30
182 30
183 30
184 30
185 30
186 30
187 30
188 30
189 30
190 30
191 30
192 30
193 30
194 30
195 30
196 30
197 30
198 30
199 30
200 30
201 30
202 30
203 30
204 30
205 30
206 30
207 30
208 30
209 30
210 30
211 30
212 30
213 30
214 30
215 30
216 30
217 30
218 30
219 30
220 30
221 30
222 30
223 30
224 30
225 30
226 30
227 30
228 30
229 30
230 30
231 30
232 30
233 30
234 30
235 30
236 30
237 30
238 30
239 30
240 30
241 30
242 30
243 30
244 30
245 30
246 30
247 30
248 30
249 30
250 30
251 30
252 30
253 30
254 30
255 30
256 30
257 30
258 30
259 30
260 30
261 30
262 30
263 30
264 30
265 30
266 30
267 30
268 30
269 30
270 30
271 30
272 30
273 30
274 30
275 30
276 30
277 30
278 30
279 30
280 30
281 30
282 30
283 30
284 30
285 30
286 30
287 30
288 30
289 30
290 30
291 30
292 30
293 30
294 30
295 30
296 30
297 30
298 30
299 30
300 30
301 30
302 30
303 30
304 30
305 30
306 30
307 30
308 30
309 30
310 30
311 30
312 30
313 30
314 30
315 30
316 30
317 30
318 30
319 30
320 30
321 30
322 30
323 30
324 30
325 30
326 30
327 30
328 30
329 30
330 30
331 30
332 30
333 30
334 30
335 30
336 30
337 30
338 30
339 30
340 30
341 30
342 30
343 30
344 30
345 30
346 30
347 30
348 30
349 30
350 30
351 30
352 30
353 30
354 30
355 30
356 30
357 30
358 30
359 30
360 30
361 30
362 30
363 30
364 30
365 30
366 30
367 30
368 30
369 30
370 30
371 30
372 30
373 30
374 30
375 30
376 30
377 30
378 30
379 30
380 30
381 30
382 30
383 30
384 30
385 30
386 30
387 30
388 30
389 30
390 30
391 30
392 30
393 30
394 30
395 30
396 30
397 30
398 30
399 30
400 30
401 30
402 30
403 30
404 30
405 30
406 30
407 30
408 30
409 30
410 30
411 30
412 30
413 30
414 30
415 30
416 30
417 30
418 30
419 30
420 30
421 30
422 30
423 30
424 30
425 30
426 30
427 30
428 30
429 30
430 30
431 30
432 30
433 30
434 30
435 30
436 30
437 30
438 30
439 30
440 30
441 30
442 30
443 30
444 30
445 30
446 30
447 30
448 30
449 30
450 30
451 30
452 30
453 30
454 30
455 30
456 30
457 30
458 30
459 30
460 30
461 30
462 30
463 30
464 30
465 30
466 30
467 30
468 30
469 30
470 30
471 30
472 30
473 30
474 30
475 30
476 30
477 30
478 30
479 30
480 30
481 30
482 30
483 30
484 30
485 30
486 30
487 30
488 30
489 30
490 30
491 30
492 30
493 30
494 30
495 30
496 30
497 30
498 30
499 30
500 30
501 30
502 30
503 30
504 30
505 30
506 30
507 30
508 30
509 30
510 30
511 30
512 30
513 30
514 30
515 30
516 30
517 30
518 30
519 30
520 30
521 30
522 30
523 30
524 30
525 30
526 30
527 30
528 30
529 30
530 30
531 30
532 30
533 30
534 30
535 30
536 30
537 30
538 30
539 30
540 30
541 30
542 30
543 30
544 30
545 30
546 30
547 30
548 30
549 30
550 30
551 30
552 30
553 30
554 30
555 30
556 30
557 30
558 30
559 30
560 30
561 30
562 30
563 30
564 30
565 30
566 30
567 30
568 30
569 30
570 30
571 30
572 30
573 30
574 30
575 30
576 30
577 30
578 30
579 30
580 30
581 30
582 30
583 30
584 30
585 30
586 30
587 30
588 30
589 30
590 30
591 30
592 30
593 30
594 30
595 30
596 30
597 30
598 30
599 30
600 30
601 30
602 30
603 30
604 30
605 30
606 30
607 30
608 30
609 30
610 30
611 30
612 30
613 30
614 30
615 30
616 30
617 30
618 30
619 30
620 30
621 30
622 30
623 30
624 30
625 30
626 30
627 30
628 30
629 30
630 30
631 30
632 30
633 30
634 30
635 30
636 30
637 30
638 30
639 30
640 30
641 30
642 30
643 30
644 30
645 30
646 30
647 30
648 30
649 30
650 30
651 30
652 30
653 30
654 30
655 30
656 30
657 30
658 30
659 30
660 30
661 30
662 30
663 30
664 30
665 30
666 30
667 30
668 30
669 30
670 30
671 30
672 30
673 30
674 30
675 30
676 30
677 30
678 30
679 30
680 30
681 30
682 30
683 30
684 30
685 30
686 30
687 30
688 30
689 30
690 30
691 30
692 30
693 30
694 30
695 30
696 30
697 30
698 30
699 30
700 30
701 30
702 30
703 30
704 30
705 30
706 30
707 30
708 30
709 30
710 30
711 30
712 30
713 30
714 30
715 30
716 30
717 30
718 30
719 30
720 30
721 30
722 30
723 30
724 30
725 30
726 30
727 30
728 30
729 30
730 30
731 30
732 30
733 30
734 30
735 30
736 30
737 30
738 30
739 30
740 30
741 30
742 30
743 30
744 30
745 30
746 30
747 30
748 30
749 30
750 30
751 30
752 30
753 30
754 30
755 30
756 30
757 30
758 30
759 30
760 30
761 30
762 30
763 30
764 30
765 30
766 30
767 30
768 30
769 30
770 30
771 30
772 30
773 30
774 30
775 30
776 30
777 30
778 30
779 30
780 30
781 30
782 30
783 30
784 30
785 30
786 30
787 30
788 30
789 30
790 30
791 30
792 30
793 30
794 30
795 30
796 30
797 30
798 30
799 30
800 30
801 30
802 30
803 30
804 30
805 30
806 30
807 30
808 30
809 30
810 30
811 30
812 30
813 30
814 30
815 30
816 30
817 30
818 30
819 30
820 30
821 30
822 30
823 30
824 30
825 30
826 30
827 30
828 30
829 30
830 30
831 30
832 30
833 30
834 30
835 30
836 30
837 30
838 30
839 30
840 30
841 30
842 30
843 30
844 30
845 30
846 30
847 30
848 30
849 30
850 30
851 30
852 30
0 31
1 31
2 31
3 31
4 31
5 31
6 31
7 31
0 32
1 32
2 32
3 32
4 32
5 32
6 32
7 32
0 33
1 33
2 33
3 33
4 33
5 33
6 33
7 33
0 34
1 34
2 34
3 34
4 34
5 34
6 34
7 34
0 35
1 35
2 35
3 35
4 35
5 35
6 35
7 35
0 36
1 36
2 36
3 36
4 36
5 36
6 36
7 36
0 37
1 37
2 37
3 37
4 37
5 37
6 37
7 37
0 38
1 38
2 38
3 38
4 38
5 38
6 38
7 38
0 39
1 39
2 39
3 39
4 39
5 39
6 39
7 39
0 40
1 40
2 40
3 40
4 40
5 40
6 40
7 40
0 41
1 41
2 41
3 41
4 41
5 41
6 41
7 41
0 42
1 42
2 42
3 42
4 42
5 42
6 42
7 42
0 43
1 43
2 43
3 43
4 43
5 43
6 43
7 43
0 44
1 44
2 44
3 44
4 44
5 44
6 44
7 44
225 199
246 199
245 200
227 201
239 201
221 202
227 202
228 202
227 203
228 203
227 204
238 204
243 204
238 205
243 205
236 206
237 206
238 206
243 206
237 207
243 207
237 208
243 208
222 209
243 209
236 210
221 211
222 212
223 212
224 212
225 212
226 212
227 212
228 212
235 212
0 264
1 264
2 264
3 264
4 264
5 264
6 264
7 264
0 265
1 265
2 265
3 265
4 265
5 265
6 265
7 265
0 266
1 266
2 266
3 266
4 266
5 266
6 266
7 266
0 267
1 267
2 267
3 267
4 267
5 267
6 267
7 267
0 268
1 268
2 268
3 268
4 268
5 268
6 268
7 268
0 269
1 269
2 269
3 269
4 269
5 269
6 269
7 269
0 270
1 270
2 270
3 270
4 270
5 270
6 270
7 270
0 271
1 271
2 271
3 271
4 271
5 271
6 271
7 271
0 272
1 272
2 272
3 272
4 272
5 272
6 272
7 272
0 273
1 273
2 273
3 273
4 273
5 273
6 273
7 273
0 274
1 274
2 274
3 274
4 274
5 274
6 274
7 274
0 275
1 275
2 275
3 275
4 275
5 275
6 275
7 275
0 276
1 276
2 276
3 276
4 276
5 276
6 276
7 276
0 277
1 277
2 277
3 277
4 277
5 277
6 277
7 277
0 278
1 278
2 278
3 278
4 278
5 278
6 278
7 278
0 279
1 279
2 279
3 279
4 279
5 279
6 279
7 279
0 280
1 280
2 280
3 280
4 280
5 280
6 280
7 280
0 281
1 281
2 281
3 281
4 281
5 281
6 281
7 281
0 282
1 282
2 282
3 282
4 282
5 282
6 282
7 282
0 283
1 283
2 283
3 283
4 283
5 283
6 283
7 283
0 284
1 284
2 284
3 284
4 284
5 284
6 284
7 284
0 285
1 285
2 285
3 285
4 285
5 285
6 285
7 285
0 286
1 286
2 286
3 286
4 286
5 286
6 286
7 286
0 287
1 287
2 287
3 287
4 287
5 287
6 287
7 287
0 288
1 288
2 288
3 288
4 288
5 288
6 288
7 288
0 289
1 289
2 289
3 289
4 289
5 289
6 289
7 289
0 290
1 290
2 290
3 290
4 290
5 290
6 290
7 290
0 291
1 291
2 291
3 291
4 291
5 291
6 291
7 291
0 292
1 292
2 292
3 292
4 292
5 292
6 292
7 292
0 293
1 293
2 293
3 293
4 293
5 293
6 293
7 293
4 294
5 294
6 294
5 295
0 296
1 296
2 296
7 296
0 297
1 297
2 297
7 297
0 298
1 298
2 298
6 298
7 298
0 299
1 299
2 299
6 299
7 299
0 300
1 300
2 300
6 300
7 300
0 301
1 301
2 301
6 301
7 301
0 302
1 302
2 302
6 302
7 302
0 303
1 303
2 303
6 303
7 303
0 304
1 304
2 304
6 304
7 304
0 305
1 305
2 305
6 305
7 305
0 306
1 306
2 306
3 306
4 306
5 306
6 306
7 306
0 307
1 307
2 307
3 307
4 307
5 307
6 307
7 307
0 308
1 308
2 308
3 308
4 308
5 308
6 308
7 308
0 309
1 309
2 309
3 309
4 309
5 309
6 309
7 309
0 310
1 310
2 310
3 310
4 310
5 310
6 310
7 310
0 311
1 311
2 311
3 311
4 311
5 311
6 311
7 311
0 312
1 312
2 312
3 312
4 312
5 312
6 312
7 312
0 313
1 313
2 313
3 313
4 313
5 313
6 313
7 313
0 314
1 314
2 314
3 314
4 314
5 314
6 314
7 314
0 315
1 315
2 315
3 315
4 315
5 315
6 315
7 315
0 316
1 316
2 316
3 316
4 316
5 316
6 316
7 316
0 317
1 317
2 317
3 317
4 317
5 317
6 317
7 317
0 318
1 318
2 318
3 318
4 318
5 318
6 318
7 318
0 319
1 319
2 319
3 319
4 319
5 319
6 319
7 319
0 320
1 320
2 320
3 320
4 320
5 320
6 320
7 320
0 321
1 321
2 321
3 321
4 321
5 321
6 321
7 321
0 322
1 322
2 322
3 322
4 322
5 322
6 322
7 322
0 323
1 323
2 323
3 323
4 323
5 323
6 323
7 323
0 324
1 324
2 324
3 324
4 324
5 324
6 324
7 324
0 325
1 325
2 325
3 325
4 325
5 325
6 325
7 325
0 326
1 326
2 326
3 326
4 326
5 326
6 326
7 326
0 327
1 327
2 327
3 327
4 327
5 327
6 327
7 327
337 463
434 463
435 463
449 465
154 467
337 467
434 467
435 467
337 468
435 468
337 469
435 469
337 470
338 470
435 470
337 471
435 471
337 472
354 472
435 472
154 473
337 473
435 473
337 474
435 474
